17
22
25
41
51
54
55
55
59
64
69
73
85
90
96
112
144
165
187
193
200
202
209
211
228
234
236
238
242
256
257
261
262
264
274
277
289
291
299
299
311
317
324
327
337
344
346
348
350
355
358
365
373
381
384
389
396
398
410
424
426
427
434
435
438
441
454
459
465
480
483
486
490
496
497
509
511
511
515
517
521
521
524
534
545
554
556
561
564
584
600
604
614
627
633
636
642
654
666
675
686
688
690
712
712
715
720
727
729
735
740
754
759
793
795
799
805
814
821
829
835
843
848
866
866
870
891
893
895
899
926
944
950
953
953
957
960
983
984
986
991
1002
1003
1004
1005
1007
1021
1029
1031
1034
1035
1036
1043
1053
1054
1058
1063
1081
1087
1091
1098
1105
1110
1117
1122
1130
1144
1146
1154
1171
1178
1179
1188
1193
1196
1206
1213
1215
1221
1222
1225
1236
1258
1259
1264
1270
1287
1294
1309
1315
1319
1329
1331
1333
1346
1348
1376
1393
1396
1415
1423
1424
1427
1461
1463
1465
1471
1483
1484
1487
1519
1527
1532
1537
1538
1539
1543
1564
1567
1569
1573
1574
1576
1578
1591
1592
1593
1602
1603
1604
1605
1609
1619
1623
1642
1643
1644
1648
1648
1654
1655
1656
1671
1678
1690
1702
1703
1703
1712
1713
1715
1719
1730
1733
1734
1760
1762
1767
1777
1779
1781
1790
1792
1793
1795
1802
1805
1811
1825
1826
1829
1835
1863
1871
1873
1875
1876
1885
1890
1891
1891
1901
1901
1902
1903
1905
1907
1907
1908
1916
1944
1954
1959
1970
1982
1984
1984
1986
1998
2012
2018
2029
2030
2031
2056
2064
2077
2078
2079
2081
2090
2103
2116
2125
2140
2141
2143
2149
2161
2163
2164
2171
2174
2176
2179
2183
2184
2187
2200
2208
2211
2232
2233
2241
2242
2244
2245
2247
2247
2257
2265
2267
2268
2268
2270
2275
2278
2280
2283
2284
2314
2314
2322
2339
2366
2373
2375
2378
2394
2404
2418
2422
2424
2424
2433
2449
2453
2456
2458
2484
2503
2511
2512
2542
2554
2555
2568
2582
2582
2593
2594
2598
2599
2628
2630
2634
2655
2664
2668
2678
2694
2701
2704
2711
2717
2727
2751
2751
2752
2770
2780
2782
2794
2799
2799
2807
2808
2829
2839
2871
2888
2893
2909
2913
2919
2922
2923
2962
2975
2993
2996
3004
3007
3014
3021
3030
3032
3041
3057
3058
3061
3070
3075
3086
3095
3098
3120
3122
3160
3161
3197
3199
3219
3238
3252
3264
3266
3268
3282
3291
3306
3312
3320
3327
3328
3330
3333
3350
3364
3374
3380
3390
3393
3401
3403
3407
3452
3487
3490
3496
3498
3502
3505
3516
3523
3527
3532
3536
3556
3557
3565
3566
3566
3573
3589
3592
3593
3599
3617
3626
3630
3630
3636
3637
3657
3665
3677
3696
3700
3712
3721
3731
3732
3744
3746
3752
3763
3769
3781
3792
3798
3803
3804
3806
3828
3850
3855
3863
3878
3901
3904
3907
3907
3909
3917
3918
3925
3931
3950
3967
3988
4011
4016
4017
4020
4040
4041
4043
4044
4049
4076
4087
4099
4100
4119
4120
4122
4130
4131
4147
4151
4153
4157
4175
4179
4181
4183
4211
4232
4261
4278
4290
4304
4306
4319
4321
4325
4342
4349
4373
4377
4378
4387
4406
4410
4412
4414
4417
4426
4434
4447
4448
4463
4479
4500
4525
4531
4532
4537
4551
4553
4555
4562
4582
4582
4590
4604
4624
4651
4661
4673
4680
4705
4706
4716
4726
4728
4729
4732
4734
4744
4745
4754
4761
4762
4762
4783
4798
4800
4802
4804
4810
4823
4844
4853
4862
4873
4878
4879
4891
4892
4894
4898
4905
4912
4915
4922
4924
4934
4942
4945
4962
4964
4965
4972
4977
5011
5021
5046
5046
5047
5048
5061
5063
5065
5077
5098
5108
5111
5112
5124
5127
5132
5133
5136
5156
5160
5164
5168
5181
5188
5191
5209
5219
5226
5230
5238
5240
5242
5262
5274
5275
5283
5283
5284
5294
5307
5307
5311
5321
5333
5334
5340
5341
5347
5354
5357
5382
5385
5408
5470
5478
5485
5494
5495
5499
5505
5540
5542
5542
5550
5551
5556
5565
5571
5579
5585
5594
5594
5595
5612
5615
5624
5643
5653
5673
5676
5681
5682
5688
5705
5720
5722
5725
5731
5742
5751
5758
5800
5824
5839
5839
5840
5849
5870
5872
5883
5907
5911
5948
5954
5959
5960
5969
5980
5984
5987
5993
6002
6006
6036
6038
6060
6077
6080
6081
6083
6097
6109
6112
6144
6148
6148
6151
6157
6171
6181
6181
6191
6200
6213
6218
6227
6228
6241
6241
6248
6250
6258
6267
6268
6289
6293
6296
6315
6323
6324
6327
6329
6337
6343
6345
6347
6355
6356
6358
6362
6366
6368
6377
6386
6386
6403
6405
6419
6454
6457
6473
6477
6477
6480
6496
6498
6512
6542
6576
6588
6602
6605
6611
6615
6628
6641
6665
6670
6672
6675
6695
6697
6697
6711
6727
6770
6774
6774
6817
6818
6828
6858
6862
6877
6898
6900
6900
6912
6930
6952
6953
6954
6956
6964
6966
6971
6972
6976
6985
7000
7007
7014
7022
7029
7031
7048
7058
7061
7064
7086
7086
7092
7092
7093
7097
7104
7105
7108
7136
7139
7141
7145
7145
7154
7159
7167
7172
7172
7174
7174
7193
7207
7211
7227
7230
7237
7238
7243
7243
7252
7261
7274
7281
7291
7306
7320
7324
7324
7327
7328
7336
7341
7346
7347
7348
7349
7355
7358
7368
7381
7416
7428
7431
7436
7440
7448
7464
7491
7508
7510
7516
7528
7540
7541
7553
7553
7564
7579
7582
7594
7610
7632
7642
7650
7656
7663
7676
7681
7681
7684
7695
7704
7705
7711
7728
7738
7740
7747
7752
7758
7759
7772
7773
7780
7789
7791
7793
7809
7818
7853
7872
7885
7888
7905
7908
7910
7926
7926
7931
7932
7936
7942
7942
7963
7965
7966
7974
7979
7987
7991
7992
8001
8002
8005
8008
8032
8039
8054
8055
8060
8062
8069
8071
8093
8094
8101
8126
8140
8155
8156
8161
8162
8165
8175
8178
8192
8208
8212
8219
8229
8233
8235
8249
8252
8260
8268
8285
8297
8317
8317
8321
8333
8336
8345
8345
8359
8363
8369
8374
8374
8388
8391
8420
8421
8444
8445
8455
8466
8468
8468
8473
8478
8506
8516
8523
8526
8532
8540
8541
8553
8559
8566
8581
8619
8647
8654
8657
8665
8678
8680
8680
8681
8690
8704
8705
8707
8716
8736
8759
8759
8762
8780
8799
8826
8827
8838
8847
8851
8892
8902
8919
8919
8931
8941
8942
8993
9001
9009
9011
9021
9035
9037
9038
9057
9066
9071
9076
9087
9087
9091
9096
9104
9109
9111
9123
9133
9134
9134
9137
9139
9156
9161
9186
9204
9212
9218
9231
9237
9239
9264
9272
9286
9305
9329
9347
9370
9371
9371
9372
9373
9374
9383
9394
9410
9421
9445
9445
9447
9479
9495
9505
9510
9514
9520
9557
9563
9565
9565
9569
9574
9602
9604
9605
9619
9640
9648
9669
9673
9675
9678
9686
9703
9713
9731
9733
9742
9743
9746
9749
9756
9756
9774
9777
9778
9788
9793
9799
9800
9812
9831
9839
9859
9885
9901
9916
9917
9921
9922
9954
9956
9977
9979
9985
9988
9994
10000
10002
10004
10007
10007
10008
10010
10011
10012
10028
10035
10041
10058
10069
10084
10090
10090
10097
10099
10125
10140
10150
10153
10158
10162
10163
10168
10169
10172
10177
10189
10212
10214
10218
10224
10240
10246
10248
10270
10309
10313
10319
10324
10331
10332
10339
10347
10348
10350
10367
10387
10401
10405
10405
10408
10411
10443
10465
10474
10486
10488
10496
10499
10510
10516
10533
10533
10540
10540
10547
10554
10566
10575
10587
10588
10590
10593
10595
10612
10618
10635
10636
10636
10642
10646
10654
10655
10660
10660
10660
10663
10672
10695
10714
10715
10715
10717
10728
10729
10730
10735
10736
10736
10741
10747
10762
10780
10789
10792
10797
10797
10800
10822
10830
10860
10874
10880
10913
10915
10935
10949
10958
10974
10975
10986
10992
10995
10996
11005
11007
11010
11013
11022
11023
11025
11028
11044
11045
11050
11067
11068
11074
11075
11088
11093
11095
11101
11102
11107
11110
11122
11166
11181
11183
11193
11196
11200
11245
11247
11252
11271
11272
11285
11290
11294
11295
11301
11301
11321
11325
11327
11336
11336
11344
11351
11364
11372
11374
11382
11384
11391
11406
11409
11413
11419
11426
11437
11445
11447
11449
11475
11478
11482
11503
11525
11538
11565
11566
11568
11568
11568
11577
11590
11600
11615
11625
11626
11630
11634
11635
11636
11645
11654
11660
11674
11680
11680
11688
11716
11731
11735
11737
11741
11741
11745
11753
11760
11780
11787
11808
11816
11817
11821
11821
11830
11832
11840
11844
11849
11862
11868
11877
11881
11902
11902
11908
11920
11924
11924
11932
11934
11935
11942
11942
11948
11964
11974
11978
11978
11983
11983
11984
12004
12037
12039
12043
12044
12048
12059
12060
12068
12070
12073
12093
12098
12099
12105
12110
12111
12113
12115
12117
12126
12145
12151
12157
12168
12191
12192
12224
12235
12238
12248
12252
12265
12266
12275
12279
12281
12284
12292
12306
12307
12315
12336
12350
12356
12360
12380
12398
12398
12403
12409
12410
12420
12424
12427
12439
12448
12463
12469
12481
12497
12499
12503
12516
12521
12523
12541
12543
12546
12547
12557
12575
12575
12582
12583
12590
12590
12600
12606
12612
12615
12625
12627
12628
12631
12651
12658
12662
12666
12669
12679
12692
12695
12699
12700
12707
12715
12716
12722
12731
12735
12745
12746
12748
12763
12766
12767
12800
12808
12809
12812
12817
12818
12839
12857
12864
12872
12880
12881
12900
12905
12908
12912
12915
12917
12926
12928
12937
12940
12946
12953
12964
12968
12969
12970
12975
12975
12976
12977
12983
12991
12992
12998
13013
13020
13044
13049
13067
13073
13090
13090
13097
13110
13122
13125
13126
13133
13140
13143
13152
13172
13189
13189
13200
13201
13207
13219
13250
13255
13256
13257
13276
13281
13283
13295
13298
13304
13315
13316
13337
13342
13351
13363
13372
13382
13384
13388
13393
13403
13409
13411
13416
13418
13427
13439
13450
13450
13452
13452
13469
13479
13479
13484
13488
13492
13503
13509
13516
13516
13525
13526
13554
13574
13595
13602
13613
13629
13645
13648
13651
13653
13656
13657
13663
13667
13682
13702
13702
13706
13707
13708
13723
13727
13731
13740
13756
13756
13768
13776
13788
13803
13809
13817
13826
13833
13837
13841
13852
13858
13877
13888
13889
13897
13906
13919
13923
13924
13937
13939
13955
13960
13971
13999
14012
14016
14031
14042
14044
14045
14049
14053
14071
14072
14090
14100
14101
14105
14121
14122
14131
14138
14146
14160
14193
14197
14197
14215
14223
14224
14226
14226
14238
14247
14263
14266
14267
14273
14286
14287
14297
14297
14303
14308
14312
14319
14323
14329
14330
14338
14349
14354
14360
14362
14365
14367
14372
14375
14378
14380
14380
14400
14408
14424
14426
14448
14449
14458
14459
14466
14474
14492
14494
14496
14509
14517
14527
14538
14556
14563
14564
14576
14588
14606
14611
14634
14638
14646
14665
14670
14684
14707
14709
14714
14720
14720
14722
14727
14727
14753
14760
14761
14764
14769
14772
14776
14785
14793
14804
14804
14812
14813
14833
14858
14867
14881
14887
14894
14894
14895
14914
14924
14926
14928
14936
14944
14945
14950
14954
14966
14968
14968
14977
14988
14990
14991
14992
15000
15010
15012
15024
15031
15035
15036
15038
15045
15053
15056
15061
15069
15087
15102
15106
15108
15119
15122
15127
15129
15137
15140
15146
15146
15155
15158
15163
15164
15182
15182
15192
15193
15199
15204
15211
15224
15235
15236
15247
15248
15250
15279
15280
15289
15293
15307
15310
15310
15328
15341
15362
15376
15377
15393
15394
15404
15406
15414
15434
15436
15444
15469
15470
15475
15493
15502
15503
15504
15508
15511
15514
15521
15526
15531
15534
15547
15562
15575
15586
15591
15594
15607
15631
15633
15637
15644
15646
15659
15662
15672
15679
15695
15701
15707
15707
15715
15721
15728
15738
15741
15775
15783
15789
15790
15791
15798
15799
15803
15804
15807
15819
15824
15836
15837
15865
15869
15878
15888
15897
15917
15937
15938
15938
15947
15965
15975
15993
15994
16006
16012
16018
16030
16030
16039
16041
16044
16045
16052
16056
16057
16058
16069
16083
16099
16115
16117
16126
16128
16134
16136
16137
16141
16142
16152
16158
16167
16176
16181
16186
16197
16202
16214
16225
16241
16243
16271
16278
16285
16287
16293
16299
16310
16338
16339
16355
16366
16379
16383
16388
16390
16396
16402
16403
16405
16409
16413
16417
16429
16433
16437
16472
16477
16479
16487
16490
16495
16514
16522
16524
16524
16533
16539
16541
16552
16554
16563
16565
16565
16565
16566
16585
16598
16613
16633
16638
16642
16648
16654
16660
16678
16685
16686
16689
16703
16704
16716
16724
16732
16734
16736
16738
16741
16743
16743
16750
16759
16762
16765
16766
16768
16775
16782
16789
16793
16801
16808
16811
16812
16823
16824
16839
16840
16842
16842
16844
16845
16845
16858
16867
16871
16901
16906
16908
16934
16936
16937
16947
16954
16959
16963
16967
16968
16975
16976
16978
16981
16982
17001
17002
17002
17003
17007
17029
17035
17043
17051
17070
17080
17082
17086
17100
17102
17113
17114
17126
17128
17143
17151
17162
17170
17171
17177
17196
17202
17203
17228
17229
17237
17247
17252
17269
17272
17290
17294
17298
17307
17315
17322
17324
17331
17348
17357
17359
17373
17380
17381
17382
17396
17425
17434
17439
17445
17448
17450
17453
17464
17472
17474
17482
17488
17488
17497
17497
17497
17503
17538
17549
17552
17582
17592
17603
17617
17618
17622
17634
17645
17647
17651
17654
17656
17658
17664
17688
17688
17700
17705
17707
17708
17715
17715
17720
17735
17753
17755
17762
17765
17777
17778
17782
17790
17796
17821
17822
17826
17827
17852
17857
17859
17865
17870
17874
17882
17883
17894
17899
17927
17928
17937
17944
17949
17953
17956
17960
17965
17970
18023
18029
18030
18039
18044
18047
18052
18065
18080
18082
18107
18110
18123
18142
18146
18161
18164
18181
18183
18183
18195
18197
18205
18208
18211
18226
18228
18233
18233
18237
18240
18243
18254
18276
18290
18293
18294
18309
18316
18317
18317
18319
18322
18344
18366
18393
18407
18409
18414
18424
18435
18438
18451
18457
18464
18466
18467
18471
18511
18514
18515
18527
18537
18540
18543
18552
18559
18568
18568
18572
18579
18594
18602
18611
18614
18616
18618
18619
18640
18642
18653
18663
18666
18678
18682
18686
18688
18690
18695
18700
18720
18741
18758
18761
18773
18774
18779
18784
18784
18788
18790
18807
18815
18830
18850
18855
18865
18870
18907
18907
18910
18915
18919
18933
18938
18943
18954
18956
18966
18974
18984
18994
19006
19011
19016
19019
19041
19043
19051
19056
19071
19096
19121
19122
19124
19130
19135
19152
19155
19161
19164
19182
19184
19193
19209
19219
19251
19269
19274
19286
19294
19294
19296
19302
19307
19307
19309
19309
19317
19318
19325
19346
19363
19376
19385
19388
19389
19402
19409
19410
19417
19430
19451
19453
19478
19482
19487
19488
19501
19503
19514
19522
19523
19525
19527
19535
19549
19553
19554
19560
19565
19565
19569
19570
19581
19586
19588
19593
19600
19615
19636
19638
19648
19654
19669
19670
19673
19675
19676
19677
19680
19687
19692
19704
19706
19710
19768
19789
19800
19804
19804
19819
19824
19825
19830
19840
19850
19852
19852
19862
19863
19872
19882
19894
19901
19906
19912
19914
19920
19925
19934
19935
19948
19969
19983
19989
19999
20021
20023
20025
20027
20039
20042
20048
20063
20064
20067
20067
20071
20083
20088
20096
20099
20106
20129
20144
20145
20148
20157
20159
20190
20193
20205
20206
20224
20238
20251
20256
20263
20263
20276
20279
20292
20307
20308
20320
20326
20333
20340
20345
20348
20366
20369
20372
20385
20414
20416
20429
20432
20451
20467
20468
20472
20480
20484
20499
20507
20513
20516
20517
20521
20527
20529
20529
20543
20549
20565
20574
20587
20604
20608
20615
20624
20627
20633
20651
20666
20679
20688
20694
20695
20718
20720
20725
20730
20738
20740
20768
20773
20795
20795
20810
20811
20812
20817
20821
20823
20833
20848
20853
20854
20860
20878
20883
20887
20898
20907
20928
20929
20936
20945
20948
20948
20950
20982
20990
20993
21004
21018
21025
21031
21040
21051
21051
21051
21060
21069
21070
21081
21092
21093
21106
21108
21108
21108
21109
21112
21115
21119
21144
21171
21174
21176
21190
21192
21196
21207
21216
21238
21241
21255
21262
21273
21275
21280
21294
21330
21341
21344
21348
21355
21361
21361
21364
21369
21375
21378
21380
21380
21407
21409
21412
21421
21426
21428
21429
21438
21440
21442
21443
21446
21453
21469
21477
21483
21488
21492
21503
21508
21517
21550
21574
21579
21584
21589
21596
21603
21609
21615
21649
21656
21657
21670
21676
21678
21682
21691
21701
21707
21721
21735
21737
21742
21745
21750
21754
21766
21778
21785
21792
21806
21807
21816
21825
21830
21837
21840
21842
21855
21856
21880
21884
21893
21895
21902
21910
21910
21913
21930
21950
21973
21986
21993
21998
22000
22009
22023
22043
22048
22052
22059
22061
22064
22071
22071
22075
22077
22085
22088
22093
22099
22117
22137
22145
22150
22161
22161
22162
22184
22188
22195
22197
22197
22215
22218
22229
22232
22261
22266
22314
22326
22332
22335
22349
22354
22362
22375
22377
22378
22379
22383
22394
22396
22410
22416
22424
22435
22439
22441
22483
22485
22487
22492
22498
22509
22510
22511
22515
22521
22523
22528
22546
22563
22568
22578
22603
22621
22629
22633
22644
22656
22660
22667
22677
22690
22696
22701
22714
22722
22751
22756
22764
22784
22817
22823
22834
22837
22841
22845
22845
22847
22854
22873
22878
22885
22896
22905
22906
22915
22921
22933
22938
22948
22952
22957
22968
22968
22972
22977
22989
22989
22998
23005
23021
23022
23041
23049
23054
23067
23070
23077
23084
23116
23119
23124
23129
23129
23138
23148
23149
23154
23161
23163
23172
23175
23180
23193
23197
23216
23225
23228
23229
23231
23238
23244
23257
23259
23266
23271
23274
23278
23288
23290
23291
23302
23315
23318
23323
23342
23344
23355
23370
23370
23370
23381
23401
23408
23418
23425
23435
23444
23451
23464
23464
23472
23482
23485
23514
23530
23537
23554
23555
23556
23563
23566
23586
23593
23594
23600
23600
23602
23610
23617
23617
23630
23639
23640
23650
23650
23653
23654
23660
23664
23670
23687
23690
23693
23695
23699
23706
23710
23714
23719
23729
23731
23735
23736
23739
23740
23740
23743
23751
23752
23755
23765
23791
23812
23824
23826
23830
23834
23838
23842
23850
23871
23871
23877
23882
23907
23909
23929
23936
23956
23973
23975
23981
23983
23985
24022
24023
24038
24041
24059
24063
24070
24072
24074
24087
24092
24093
24094
24100
24102
24107
24107
24115
24120
24123
24128
24130
24130
24136
24139
24153
24159
24166
24182
24183
24193
24193
24201
24209
24219
24220
24230
24263
24275
24295
24299
24299
24303
24305
24307
24312
24323
24327
24327
24331
24337
24342
24347
24351
24367
24367
24369
24407
24411
24411
24412
24424
24426
24427
24430
24450
24455
24469
24472
24473
24488
24492
24505
24518
24520
24537
24547
24550
24565
24575
24591
24599
24610
24619
24622
24626
24628
24634
24641
24644
24656
24657
24670
24673
24673
24673
24676
24676
24677
24707
24724
24737
24742
24755
24758
24758
24776
24788
24816
24818
24820
24833
24834
24850
24850
24859
24881
24886
24886
24887
24891
24912
24916
24919
24923
24926
24929
24932
24939
24960
24967
24969
24973
24980
24984
25014
25024
25028
25042
25047
25052
25055
25061
25062
25095
25106
25113
25115
25115
25123
25123
25129
25134
25137
25140
25142
25155
25157
25158
25172
25176
25179
25184
25205
25217
25221
25227
25240
25251
25255
25265
25271
25273
25275
25276
25285
25286
25287
25289
25296
25297
25297
25299
25304
25310
25311
25315
25316
25324
25325
25329
25335
25341
25344
25346
25366
25369
25372
25390
25408
25415
25416
25421
25422
25428
25434
25436
25436
25444
25446
25448
25453
25454
25455
25485
25505
25506
25511
25523
25536
25551
25568
25575
25583
25627
25629
25631
25633
25635
25639
25659
25674
25685
25686
25686
25688
25690
25694
25696
25703
25705
25706
25744
25746
25747
25748
25752
25775
25777
25787
25801
25827
25837
25842
25849
25856
25866
25871
25874
25885
25891
25913
25913
25921
25923
25944
25947
25953
25954
25958
25959
25970
25974
25978
25983
26006
26008
26010
26010
26014
26030
26031
26036
26041
26044
26049
26088
26095
26125
26130
26134
26136
26151
26152
26154
26161
26163
26187
26191
26200
26201
26202
26229
26232
26244
26247
26249
26252
26278
26283
26288
26298
26310
26317
26345
26364
26372
26392
26401
26407
26411
26423
26428
26428
26431
26435
26443
26449
26466
26496
26499
26518
26521
26522
26525
26533
26540
26594
26596
26600
26622
26622
26625
26643
26645
26650
26655
26660
26667
26669
26670
26683
26689
26691
26692
26693
26706
26720
26736
26751
26752
26761
26762
26765
26766
26775
26779
26780
26782
26786
26789
26799
26843
26847
26877
26884
26888
26891
26897
26900
26903
26909
26919
26924
26928
26932
26938
26943
26956
26959
26964
26966
26968
26969
26970
26971
26977
26992
26994
26998
27029
27032
27033
27051
27051
27063
27066
27072
27074
27083
27100
27103
27112
27113
27115
27124
27126
27131
27141
27144
27161
27163
27165
27166
27175
27200
27214
27216
27221
27243
27259
27265
27281
27289
27300
27304
27307
27307
27308
27313
27316
27321
27323
27334
27351
27368
27375
27378
27384
27390
27395
27399
27417
27443
27445
27447
27454
27455
27455
27458
27459
27472
27474
27476
27490
27495
27506
27508
27515
27538
27543
27555
27565
27578
27592
27601
27602
27612
27617
27623
27625
27634
27641
27644
27656
27658
27660
27691
27720
27735
27737
27742
27755
27761
27763
27767
27778
27778
27809
27812
27825
27835
27840
27843
27856
27864
27871
27882
27883
27885
27917
27919
27920
27922
27935
27946
27953
27956
27964
27966
27970
27985
27988
27991
27991
27996
27997
28001
28014
28015
28016
28016
28018
28023
28024
28027
28040
28040
28050
28064
28066
28067
28081
28086
28103
28116
28118
28122
28128
28128
28129
28140
28149
28164
28168
28170
28183
28183
28188
28194
28194
28201
28224
28230
28236
28244
28248
28259
28271
28271
28278
28288
28293
28296
28321
28326
28340
28347
28349
28351
28354
28368
28368
28374
28377
28385
28398
28407
28413
28424
28424
28436
28437
28451
28465
28465
28469
28470
28483
28487
28489
28492
28493
28494
28496
28501
28511
28521
28523
28528
28533
28537
28548
28566
28578
28595
28598
28609
28610
28614
28622
28628
28635
28640
28641
28656
28665
28673
28677
28683
28689
28691
28692
28695
28701
28703
28703
28718
28721
28727
28728
28734
28747
28748
28751
28753
28785
28800
28805
28809
28822
28823
28825
28842
28857
28883
28885
28896
28907
28908
28911
28914
28915
28929
28975
28976
28979
28981
28991
29005
29014
29025
29028
29029
29041
29062
29085
29088
29102
29112
29113
29114
29133
29136
29161
29167
29173
29180
29182
29184
29184
29185
29187
29193
29196
29204
29210
29214
29220
29231
29233
29284
29286
29294
29304
29307
29310
29336
29337
29355
29360
29362
29365
29366
29381
29387
29397
29401
29402
29408
29418
29421
29430
29436
29473
29489
29492
29500
29503
29505
29510
29511
29511
29529
29537
29539
29551
29571
29577
29577
29586
29599
29600
29616
29618
29618
29636
29646
29647
29648
29664
29690
29691
29713
29713
29727
29756
29758
29762
29762
29820
29823
29834
29871
29884
29886
29892
29895
29903
29903
29909
29936
29947
29950
29965
29968
29971
29980
29990
29993
29996
30011
30022
30036
30046
30072
30091
30104
30118
30122
30143
30144
30156
30182
30183
30184
30185
30190
30200
30213
30217
30218
30221
30230
30234
30240
30254
30256
30275
30277
30279
30285
30293
30300
30304
30312
30318
30322
30327
30332
30333
30338
30339
30347
30350
30360
30362
30369
30372
30379
30382
30399
30402
30403
30431
30439
30462
30465
30473
30475
30487
30489
30501
30517
30518
30526
30533
30542
30549
30550
30570
30572
30573
30577
30587
30589
30591
30594
30601
30618
30622
30630
30649
30656
30661
30667
30683
30689
30696
30721
30724
30736
30740
30753
30756
30757
30758
30761
30769
30783
30784
30803
30815
30816
30824
30831
30835
30869
30881
30885
30905
30906
30919
30925
30938
30942
30947
30949
30952
30962
30985
30986
30986
31002
31006
31014
31028
31030
31040
31046
31060
31064
31079
31081
31086
31092
31116
31121
31125
31129
31129
31137
31142
31145
31175
31194
31195
31207
31215
31217
31228
31230
31232
31241
31242
31250
31251
31255
31256
31262
31267
31270
31274
31277
31277
31282
31302
31304
31313
31314
31318
31341
31344
31352
31353
31356
31364
31369
31377
31380
31382
31382
31388
31405
31436
31451
31452
31457
31461
31463
31464
31465
31470
31490
31497
31501
31505
31508
31509
31517
31528
31531
31541
31543
31566
31576
31577
31578
31593
31604
31607
31611
31617
31631
31632
31639
31648
31650
31664
31671
31673
31681
31682
31683
31695
31707
31713
31715
31759
31761
31767
31783
31784
31788
31821
31833
31836
31840
31840
31840
31842
31851
31851
31872
31875
31885
31885
31895
31898
31915
31945
31947
31948
31965
31971
31995
32005
32006
32017
32017
32039
32061
32075
32095
32118
32119
32123
32124
32128
32130
32164
32171
32171
32172
32179
32201
32212
32219
32230
32241
32241
32244
32249
32254
32264
32266
32276
32278
32279
32282
32292
32311
32326
32341
32343
32346
32348
32359
32359
32369
32398
32410
32425
32426
32431
32454
32461
32479
32482
32483
32498
32507
32510
32511
32512
32514
32519
32520
32525
32534
32537
32537
32545
32546
32550
32550
32552
32581
32588
32607
32607
32609
32609
32625
32632
32642
32647
32672
32677
32693
32697
32699
32704
32722
32730
32734
32741
32744
32745
32781
32797
32803
32803
32806
32816
32818
32821
32830
32831
32847
32869
32874
32882
32892
32900
32911
32913
32923
32939
32942
32953
32960
32963
32989
32990
32997
32999
33018
33027
33029
33031
33032
33048
33059
33062
33064
33068
33069
33069
33079
33087
33095
33099
33101
33108
33128
33132
33136
33142
33143
33144
33150
33200
33216
33217
33220
33229
33232
33244
33264
33267
33270
33274
33279
33294
33303
33304
33315
33317
33317
33336
33338
33342
33364
33406
33411
33442
33443
33445
33447
33450
33455
33460
33474
33493
33495
33512
33515
33515
33517
33523
33527
33528
33531
33533
33545
33545
33548
33549
33566
33580
33580
33585
33588
33590
33594
33606
33616
33619
33625
33625
33625
33636
33644
33676
33678
33681
33693
33696
33705
33715
33717
33729
33732
33735
33736
33740
33741
33750
33761
33764
33779
33784
33792
33800
33810
33815
33838
33839
33842
33844
33851
33853
33854
33861
33884
33886
33895
33906
33908
33916
33916
33933
33936
33945
33952
33960
33974
33976
34021
34025
34054
34055
34072
34073
34075
34081
34082
34091
34103
34105
34112
34127
34160
34163
34169
34178
34188
34204
34213
34223
34227
34252
34254
34259
34271
34273
34284
34293
34294
34304
34312
34330
34338
34341
34342
34343
34344
34344
34356
34360
34361
34368
34375
34416
34419
34433
34443
34453
34462
34465
34465
34475
34484
34496
34508
34513
34520
34530
34531
34534
34539
34540
34566
34585
34605
34609
34617
34627
34629
34636
34644
34652
34658
34660
34661
34664
34670
34672
34679
34686
34708
34716
34730
34734
34737
34740
34752
34756
34756
34758
34762
34768
34775
34791
34792
34793
34795
34805
34809
34835
34845
34863
34881
34892
34894
34896
34903
34906
34913
34924
34926
34929
34938
34941
34942
34942
34947
34965
34969
34973
34975
34982
34983
34983
34990
35005
35010
35020
35021
35024
35036
35040
35053
35053
35085
35087
35096
35100
35115
35120
35126
35141
35150
35177
35178
35182
35187
35200
35202
35202
35202
35203
35209
35211
35218
35220
35232
35253
35272
35275
35275
35278
35283
35288
35296
35318
35320
35328
35347
35355
35358
35368
35372
35372
35395
35400
35400
35401
35408
35413
35416
35417
35430
35442
35443
35445
35447
35448
35454
35464
35470
35476
35485
35486
35488
35493
35498
35504
35515
35523
35553
35563
35574
35576
35577
35595
35596
35599
35607
35608
35615
35631
35652
35657
35665
35666
35677
35681
35683
35688
35702
35707
35713
35734
35734
35735
35754
35757
35759
35775
35800
35808
35810
35829
35833
35841
35853
35859
35889
35890
35893
35899
35915
35924
35947
35954
35959
35975
35996
36000
36002
36014
36021
36029
36030
36031
36046
36051
36057
36057
36059
36061
36065
36069
36072
36072
36084
36102
36136
36162
36166
36172
36174
36177
36177
36178
36184
36206
36208
36218
36236
36238
36243
36251
36255
36275
36293
36308
36316
36320
36323
36334
36342
36343
36347
36347
36349
36383
36387
36398
36407
36408
36453
36474
36476
36477
36477
36483
36483
36484
36485
36489
36501
36510
36512
36513
36513
36526
36535
36547
36567
36574
36575
36592
36593
36614
36622
36624
36624
36650
36667
36668
36697
36702
36702
36735
36737
36754
36754
36778
36779
36811
36818
36821
36828
36845
36849
36859
36862
36869
36869
36873
36874
36890
36894
36913
36929
36932
36948
36980
36984
37007
37009
37012
37020
37021
37023
37034
37035
37039
37062
37070
37074
37075
37085
37091
37097
37100
37103
37107
37112
37115
37119
37136
37137
37142
37181
37187
37192
37199
37220
37235
37239
37243
37249
37250
37264
37271
37288
37288
37295
37302
37309
37315
37316
37317
37318
37319
37326
37333
37344
37361
37362
37378
37380
37383
37393
37405
37405
37416
37435
37437
37443
37446
37449
37451
37462
37468
37468
37471
37477
37481
37483
37487
37488
37502
37503
37511
37521
37535
37547
37561
37570
37572
37573
37575
37579
37582
37616
37617
37628
37635
37636
37666
37686
37697
37710
37720
37720
37734
37736
37739
37741
37750
37752
37755
37761
37770
37777
37782
37787
37788
37792
37794
37803
37838
37857
37860
37878
37880
37880
37886
37889
37910
37912
37912
37920
37921
37922
37930
37930
37931
37932
37941
37949
37958
37960
37967
37976
37984
37992
37999
38006
38006
38017
38020
38021
38025
38056
38062
38065
38068
38088
38092
38092
38097
38110
38110
38131
38139
38160
38169
38172
38178
38179
38193
38198
38212
38222
38223
38227
38236
38247
38251
38257
38260
38263
38263
38265
38287
38298
38300
38352
38355
38363
38365
38367
38378
38380
38385
38393
38403
38409
38426
38427
38435
38438
38445
38447
38458
38473
38517
38521
38530
38531
38545
38557
38569
38582
38586
38587
38588
38589
38623
38628
38652
38688
38705
38711
38713
38716
38719
38719
38732
38748
38750
38752
38775
38778
38779
38798
38798
38810
38819
38830
38842
38879
38882
38897
38908
38916
38917
38922
38943
38961
38966
38990
38992
39020
39022
39037
39045
39053
39056
39062
39078
39087
39109
39155
39185
39188
39211
39211
39214
39215
39227
39234
39261
39271
39277
39279
39280
39290
39297
39300
39303
39305
39312
39318
39320
39324
39333
39347
39376
39379
39408
39411
39416
39418
39424
39432
39458
39463
39470
39471
39472
39474
39506
39512
39527
39530
39538
39560
39579
39579
39580
39586
39601
39632
39649
39658
39674
39678
39695
39701
39712
39718
39718
39733
39735
39787
39787
39793
39794
39801
39814
39816
39824
39826
39830
39834
39838
39844
39845
39847
39850
39861
39863
39882
39905
39906
39912
39920
39922
39922
39934
39941
39941
39942
39956
39957
39972
39974
39979
39980
39986
39988
39994
39998
40000
40003
40020
40026
40027
40031
40036
40055
40055
40066
40083
40091
40092
40105
40108
40127
40131
40151
40156
40159
40195
40204
40212
40219
40226
40228
40247
40283
40285
40292
40313
40314
40315
40337
40347
40362
40367
40369
40372
40413
40419
40423
40428
40428
40437
40441
40451
40454
40454
40462
40468
40473
40474
40494
40494
40498
40505
40515
40551
40553
40562
40568
40568
40569
40571
40581
40596
40597
40611
40620
40634
40642
40643
40643
40646
40652
40653
40666
40673
40686
40692
40694
40716
40726
40727
40737
40752
40753
40755
40758
40765
40782
40782
40791
40792
40800
40802
40811
40826
40834
40840
40848
40874
40887
40892
40904
40905
40905
40907
40926
40952
40964
40967
40985
40987
40994
41002
41016
41018
41021
41027
41029
41045
41058
41076
41084
41088
41088
41096
41102
41104
41111
41111
41112
41116
41126
41132
41137
41138
41144
41157
41195
41195
41211
41223
41250
41271
41272
41291
41299
41312
41319
41320
41324
41328
41329
41330
41342
41350
41355
41355
41356
41360
41371
41381
41388
41408
41411
41412
41417
41419
41419
41423
41435
41452
41462
41464
41474
41488
41494
41516
41520
41552
41556
41557
41569
41570
41575
41591
41623
41623
41627
41637
41655
41665
41670
41671
41679
41696
41714
41723
41757
41758
41770
41776
41777
41785
41787
41840
41859
41864
41867
41876
41888
41888
41891
41899
41904
41909
41915
41919
41937
41941
41951
41956
41962
41967
41975
41978
41978
41981
41987
41990
41991
42009
42024
42034
42042
42044
42050
42052
42052
42077
42081
42084
42085
42091
42094
42097
42111
42124
42140
42143
42144
42146
42151
42158
42160
42162
42171
42172
42183
42189
42190
42195
42201
42208
42212
42228
42228
42243
42261
42262
42264
42272
42274
42286
42289
42307
42309
42313
42332
42342
42349
42352
42367
42382
42405
42408
42415
42419
42420
42424
42426
42430
42436
42444
42453
42459
42470
42482
42495
42496
42506
42526
42550
42552
42560
42560
42561
42572
42573
42577
42615
42627
42635
42641
42653
42674
42681
42682
42686
42694
42696
42701
42721
42725
42729
42733
42739
42746
42747
42754
42760
42769
42774
42782
42803
42806
42809
42827
42832
42833
42834
42834
42840
42866
42878
42896
42900
42905
42909
42928
42929
42962
42970
42975
42989
43000
43007
43009
43020
43024
43030
43056
43059
43063
43071
43078
43086
43096
43106
43111
43125
43142
43151
43156
43168
43170
43172
43175
43177
43179
43182
43206
43215
43231
43238
43239
43242
43250
43250
43257
43258
43264
43266
43287
43291
43291
43303
43306
43311
43313
43316
43338
43351
43352
43363
43364
43371
43371
43379
43384
43387
43390
43391
43393
43397
43432
43436
43440
43455
43457
43460
43464
43466
43467
43468
43474
43485
43486
43497
43501
43523
43536
43555
43562
43571
43574
43581
43584
43586
43591
43596
43606
43620
43623
43626
43627
43630
43640
43648
43657
43674
43700
43709
43719
43722
43724
43742
43778
43779
43780
43804
43816
43821
43827
43833
43835
43841
43859
43891
43899
43912
43918
43918
43921
43923
43926
43938
43945
43946
43955
43971
43981
43990
44006
44007
44017
44018
44024
44025
44045
44046
44053
44055
44057
44059
44061
44070
44086
44088
44089
44090
44098
44116
44117
44118
44126
44126
44134
44136
44136
44143
44146
44158
44159
44161
44172
44186
44189
44193
44197
44232
44256
44271
44277
44280
44293
44302
44302
44308
44334
44347
44355
44358
44358
44381
44386
44389
44395
44400
44412
44413
44417
44431
44433
44441
44442
44445
44446
44454
44455
44458
44464
44467
44470
44478
44480
44484
44488
44500
44502
44517
44520
44522
44537
44555
44555
44557
44558
44561
44567
44571
44573
44587
44590
44596
44606
44609
44610
44612
44616
44623
44626
44641
44645
44649
44656
44668
44681
44693
44699
44718
44722
44728
44729
44729
44737
44742
44743
44755
44756
44767
44770
44793
44810
44821
44825
44827
44829
44829
44830
44834
44836
44847
44854
44862
44863
44865
44868
44869
44883
44885
44892
44905
44929
44933
44947
44949
44949
44966
44972
44979
44991
44994
45001
45018
45021
45025
45043
45070
45086
45095
45099
45104
45108
45120
45126
45131
45158
45170
45203
45218
45219
45222
45230
45237
45259
45265
45268
45290
45321
45326
45334
45349
45350
45371
45378
45393
45405
45411
45415
45422
45425
45442
45448
45449
45452
45457
45457
45460
45490
45492
45493
45509
45514
45517
45520
45521
45531
45539
45542
45543
45547
45566
45575
45616
45633
45638
45640
45641
45657
45658
45692
45698
45718
45731
45738
45738
45761
45770
45773
45774
45777
45787
45789
45795
45796
45805
45808
45808
45820
45826
45841
45844
45858
45870
45882
45883
45891
45894
45917
45921
45922
45922
45927
45941
45948
45959
45962
45962
45964
45979
45980
45980
45995
45998
46000
46002
46014
46015
46018
46034
46037
46039
46043
46043
46047
46061
46076
46081
46084
46093
46100
46102
46111
46115
46117
46124
46144
46165
46173
46175
46186
46200
46203
46207
46209
46218
46254
46276
46311
46343
46345
46368
46371
46378
46388
46392
46417
46425
46426
46427
46431
46454
46456
46458
46476
46481
46494
46501
46510
46514
46515
46534
46559
46565
46568
46605
46613
46621
46632
46647
46650
46654
46656
46665
46665
46666
46667
46669
46687
46687
46693
46699
46710
46722
46732
46737
46739
46743
46753
46779
46805
46811
46821
46847
46847
46861
46863
46872
46876
46877
46883
46885
46897
46911
46928
46933
46947
46950
46970
46976
46978
46978
46983
46986
46994
46995
47010
47012
47016
47016
47018
47035
47040
47061
47068
47073
47080
47084
47085
47092
47101
47109
47119
47124
47128
47130
47136
47138
47146
47154
47167
47189
47190
47199
47205
47211
47237
47239
47242
47245
47251
47261
47294
47320
47325
47328
47345
47347
47352
47354
47356
47357
47363
47375
47377
47381
47399
47409
47427
47428
47432
47439
47449
47457
47467
47477
47479
47485
47488
47502
47506
47506
47516
47519
47526
47531
47559
47560
47567
47583
47587
47604
47604
47613
47613
47629
47629
47631
47633
47672
47673
47674
47675
47685
47693
47697
47705
47719
47730
47731
47735
47743
47744
47747
47751
47757
47757
47774
47777
47778
47780
47790
47807
47815
47816
47821
47821
47829
47860
47884
47895
47900
47910
47911
47912
47928
47934
47938
47972
47991
47993
47995
47996
48019
48023
48025
48030
48032
48042
48048
48049
48049
48052
48069
48071
48076
48080
48099
48102
48126
48153
48154
48174
48178
48190
48205
48212
48215
48216
48221
48228
48228
48230
48235
48241
48244
48255
48259
48259
48262
48265
48293
48306
48308
48324
48333
48338
48338
48361
48397
48406
48408
48423
48423
48426
48432
48440
48450
48473
48476
48517
48534
48540
48545
48560
48570
48587
48591
48597
48598
48606
48609
48611
48632
48646
48649
48662
48663
48687
48696
48714
48716
48734
48734
48735
48754
48764
48772
48778
48785
48793
48794
48798
48807
48810
48813
48814
48816
48822
48825
48842
48843
48850
48852
48872
48877
48891
48893
48925
48929
48934
48946
48953
48956
48965
48974
48976
48980
48994
48997
49008
49012
49026
49030
49032
49033
49047
49053
49062
49063
49069
49076
49093
49102
49105
49108
49124
49125
49136
49137
49166
49171
49173
49185
49186
49186
49194
49205
49219
49233
49249
49251
49260
49268
49270
49310
49318
49321
49328
49329
49332
49334
49351
49352
49354
49364
49372
49376
49384
49387
49402
49408
49409
49409
49410
49412
49412
49414
49418
49439
49442
49443
49454
49468
49486
49504
49506
49512
49512
49516
49520
49524
49531
49531
49539
49547
49547
49548
49557
49566
49585
49594
49607
49620
49625
49625
49635
49642
49643
49655
49660
49690
49695
49699
49703
49733
49753
49781
49782
49783
49787
49794
49796
49812
49816
49818
49836
49850
49854
49861
49867
49878
49880
49887
49898
49906
49915
49916
49918
49938
49938
49942
49945
49955
49974
49976
49991
49992
50014
50020
50021
50023
50036
50044
50051
50058
50061
50062
50082
50083
50089
50089
50114
50118
50131
50149
50151
50155
50155
50156
50169
50175
50178
50179
50180
50204
50215
50220
50221
50227
50229
50245
50252
50259
50293
50303
50316
50325
50327
50343
50352
50370
50376
50379
50396
50401
50404
50426
50426
50434
50437
50445
50448
50450
50452
50455
50461
50498
50500
50518
50542
50558
50562
50563
50568
50572
50577
50582
50585
50590
50592
50602
50635
50639
50641
50642
50666
50667
50672
50684
50689
50694
50696
50702
50707
50715
50715
50740
50747
50749
50750
50755
50759
50762
50763
50781
50787
50794
50808
50809
50810
50811
50828
50863
50864
50868
50877
50880
50881
50887
50902
50911
50914
50915
50935
50946
50958
50969
50972
50975
50975
50977
50980
50986
50987
50989
50996
50998
50999
51045
51064
51073
51076
51077
51078
51087
51090
51095
51110
51110
51110
51130
51152
51154
51176
51177
51195
51211
51218
51224
51228
51233
51242
51245
51259
51270
51275
51282
51317
51342
51350
51364
51368
51372
51372
51375
51395
51411
51414
51434
51434
51437
51437
51451
51455
51468
51469
51478
51513
51521
51522
51531
51534
51546
51550
51557
51575
51577
51593
51597
51598
51600
51614
51620
51628
51631
51644
51651
51654
51658
51659
51671
51684
51690
51695
51702
51709
51710
51712
51716
51719
51720
51726
51760
51765
51769
51769
51771
51786
51802
51807
51811
51814
51814
51816
51826
51841
51841
51854
51855
51877
51907
51918
51920
51923
51923
51926
51929
51936
51952
51959
51962
51966
51971
51972
51976
51984
51986
51994
52000
52010
52013
52045
52059
52074
52083
52087
52092
52100
52106
52108
52113
52120
52122
52126
52143
52147
52158
52185
52188
52190
52195
52198
52198
52212
52216
52244
52245
52254
52254
52256
52256
52260
52277
52288
52300
52307
52321
52329
52333
52336
52341
52342
52371
52372
52373
52386
52389
52391
52401
52402
52417
52418
52418
52430
52436
52444
52445
52455
52502
52504
52508
52518
52519
52522
52522
52533
52539
52546
52558
52605
52613
52617
52617
52621
52627
52632
52657
52659
52685
52695
52698
52710
52716
52728
52738
52750
52759
52770
52780
52797
52809
52816
52817
52844
52847
52864
52872
52872
52889
52899
52909
52917
52931
52947
52949
52954
52955
52958
53009
53012
53029
53038
53044
53049
53050
53059
53060
53066
53083
53086
53089
53101
53113
53113
53131
53134
53139
53148
53160
53161
53164
53171
53186
53188
53189
53198
53199
53225
53233
53234
53240
53241
53241
53248
53250
53255
53258
53259
53262
53269
53275
53278
53292
53297
53302
53311
53312
53328
53342
53348
53382
53397
53410
53419
53419
53422
53434
53438
53440
53446
53447
53457
53466
53488
53524
53525
53539
53548
53553
53554
53555
53560
53564
53568
53576
53578
53581
53585
53593
53600
53606
53617
53617
53626
53629
53630
53636
53662
53664
53700
53711
53726
53734
53740
53745
53756
53756
53776
53786
53801
53803
53805
53806
53808
53816
53833
53834
53843
53847
53868
53871
53872
53874
53883
53884
53924
53927
53929
53942
53954
53957
53960
53980
53988
54028
54029
54030
54074
54085
54106
54106
54107
54135
54137
54141
54141
54144
54150
54164
54190
54192
54192
54200
54202
54204
54210
54211
54212
54223
54229
54230
54232
54233
54234
54252
54254
54255
54257
54261
54265
54267
54292
54299
54305
54312
54314
54321
54325
54326
54335
54356
54359
54367
54375
54376
54386
54390
54396
54412
54418
54431
54433
54434
54437
54444
54450
54452
54453
54453
54475
54476
54479
54479
54485
54486
54492
54492
54497
54507
54511
54512
54513
54514
54521
54538
54539
54539
54540
54548
54550
54553
54553
54555
54565
54569
54569
54574
54581
54585
54597
54608
54612
54615
54616
54625
54643
54648
54651
54664
54674
54681
54690
54690
54695
54702
54702
54704
54718
54724
54736
54739
54753
54760
54764
54771
54774
54777
54778
54802
54818
54833
54840
54842
54852
54860
54882
54883
54886
54887
54887
54906
54914
54920
54936
54936
54950
54960
54965
55009
55012
55012
55013
55015
55042
55049
55063
55088
55092
55111
55112
55118
55118
55124
55126
55128
55138
55140
55141
55168
55171
55174
55198
55199
55200
55213
55215
55225
55225
55232
55257
55274
55279
55286
55295
55306
55315
55322
55331
55336
55339
55344
55351
55352
55361
55362
55366
55395
55397
55400
55403
55415
55426
55427
55429
55430
55461
55470
55481
55484
55485
55499
55525
55527
55529
55540
55543
55544
55546
55555
55564
55571
55584
55591
55602
55616
55622
55629
55650
55654
55670
55696
55719
55719
55721
55729
55735
55739
55750
55755
55780
55796
55804
55820
55825
55831
55848
55855
55857
55859
55863
55869
55870
55881
55895
55906
55920
55922
55933
55933
55940
55941
55942
55962
55963
55969
55995
55998
56003
56028
56036
56042
56054
56063
56065
56078
56085
56119
56121
56125
56126
56133
56140
56148
56150
56157
56169
56170
56177
56207
56210
56222
56230
56231
56233
56248
56250
56253
56256
56262
56266
56271
56278
56278
56279
56299
56311
56314
56322
56329
56329
56329
56334
56335
56341
56353
56361
56363
56370
56377
56402
56414
56425
56433
56442
56451
56453
56476
56489
56503
56507
56508
56509
56510
56542
56549
56554
56559
56560
56564
56574
56583
56593
56594
56599
56602
56603
56606
56615
56651
56679
56682
56703
56705
56706
56722
56723
56742
56747
56750
56761
56796
56797
56800
56816
56819
56820
56822
56823
56834
56835
56858
56867
56868
56874
56880
56882
56892
56893
56893
56894
56897
56899
56906
56917
56918
56918
56919
56927
56933
56938
56953
56963
56968
56971
56974
56980
56985
56992
56995
56999
57001
57015
57023
57029
57036
57038
57047
57048
57053
57062
57076
57083
57094
57104
57106
57107
57128
57134
57135
57153
57153
57162
57162
57163
57164
57165
57176
57177
57180
57197
57205
57229
57258
57271
57272
57274
57284
57285
57295
57295
57297
57299
57305
57308
57315
57338
57357
57360
57382
57402
57404
57408
57420
57424
57429
57439
57451
57456
57459
57469
57494
57497
57501
57520
57525
57543
57546
57559
57564
57604
57607
57628
57629
57632
57641
57651
57665
57666
57673
57683
57699
57703
57709
57720
57727
57731
57732
57737
57747
57748
57749
57755
57784
57789
57791
57799
57827
57828
57828
57837
57840
57842
57845
57847
57848
57866
57870
57875
57886
57895
57897
57897
57899
57900
57907
57911
57911
57914
57922
57938
57967
57992
58004
58010
58012
58020
58023
58028
58040
58061
58067
58073
58073
58073
58076
58076
58078
58081
58111
58128
58130
58136
58138
58158
58174
58177
58197
58201
58202
58206
58208
58252
58257
58259
58279
58285
58286
58304
58343
58345
58357
58369
58372
58389
58389
58392
58418
58438
58443
58446
58468
58485
58487
58501
58501
58513
58516
58520
58529
58530
58531
58542
58547
58550
58555
58557
58581
58594
58603
58609
58613
58618
58620
58624
58643
58649
58652
58663
58670
58671
58688
58699
58699
58701
58713
58718
58720
58721
58727
58735
58754
58757
58758
58769
58773
58776
58780
58783
58784
58785
58815
58816
58816
58839
58846
58846
58862
58871
58885
58900
58906
58906
58906
58924
58929
58936
58937
58949
58953
58955
58958
58960
58962
58979
58987
58989
59009
59017
59018
59019
59029
59046
59054
59056
59062
59069
59080
59084
59099
59099
59117
59126
59134
59144
59150
59160
59160
59160
59165
59167
59190
59202
59209
59213
59229
59233
59237
59239
59254
59258
59260
59267
59278
59288
59295
59301
59306
59312
59315
59324
59327
59330
59343
59359
59364
59371
59378
59382
59396
59406
59414
59421
59422
59430
59436
59446
59450
59463
59506
59514
59516
59520
59537
59542
59558
59559
59578
59586
59594
59610
59625
59626
59659
59662
59671
59677
59689
59700
59720
59721
59724
59727
59735
59756
59758
59765
59780
59784
59794
59803
59811
59825
59828
59834
59848
59852
59890
59899
59923
59928
59929
59933
59940
59942
59962
59963
59968
59969
59971
59986
59991
60000
60030
60047
60060
60074
60078
60081
60086
60089
60091
60091
60131
60147
60155
60157
60161
60169
60176
60197
60197
60204
60210
60224
60228
60236
60259
60266
60266
60276
60282
60285
60308
60321
60326
60347
60356
60360
60363
60365
60370
60373
60383
60385
60388
60405
60423
60427
60430
60430
60452
60459
60469
60472
60474
60474
60487
60498
60501
60522
60547
60548
60551
60552
60560
60561
60572
60582
60602
60615
60616
60664
60670
60680
60682
60696
60703
60703
60705
60707
60751
60762
60763
60772
60777
60780
60796
60797
60811
60815
60820
60835
60840
60855
60857
60865
60866
60868
60873
60884
60889
60911
60926
60940
60940
60944
60959
60966
60973
60988
61003
61006
61006
61008
61012
61015
61018
61023
61024
61032
61032
61058
61060
61086
61095
61101
61102
61103
61108
61120
61134
61137
61142
61143
61157
61158
61172
61172
61187
61195
61206
61211
61219
61226
61231
61242
61251
61267
61277
61289
61308
61313
61327
61329
61330
61346
61356
61373
61377
61379
61386
61389
61394
61402
61403
61403
61407
61410
61422
61432
61447
61462
61470
61472
61481
61484
61485
61485
61487
61487
61499
61502
61506
61507
61509
61509
61510
61513
61519
61528
61535
61568
61573
61573
61576
61589
61597
61603
61604
61612
61618
61637
61638
61644
61647
61667
61684
61693
61695
61697
61705
61705
61747
61765
61770
61774
61785
61793
61805
61813
61825
61829
61860
61865
61868
61882
61893
61896
61900
61902
61905
61910
61916
61929
61931
61933
61934
61935
61942
61945
61950
61954
61978
61990
61995
62000
62005
62041
62054
62070
62074
62079
62084
62085
62094
62105
62105
62105
62111
62116
62120
62134
62136
62151
62154
62161
62182
62202
62205
62208
62219
62239
62242
62243
62243
62262
62266
62269
62273
62280
62283
62293
62295
62299
62307
62323
62324
62328
62329
62346
62347
62348
62354
62356
62360
62363
62378
62407
62413
62415
62417
62420
62436
62436
62437
62454
62456
62463
62464
62464
62467
62469
62473
62511
62512
62513
62513
62524
62526
62538
62546
62551
62561
62563
62580
62583
62592
62605
62612
62622
62633
62636
62641
62658
62663
62686
62688
62704
62716
62718
62741
62747
62751
62754
62757
62774
62776
62789
62800
62802
62808
62809
62822
62822
62828
62859
62867
62884
62912
62925
62930
62931
62932
62938
62944
62945
62951
62953
62957
62967
62969
62977
62980
63018
63019
63019
63024
63025
63036
63038
63046
63046
63055
63066
63068
63080
63101
63102
63111
63114
63124
63141
63141
63146
63173
63179
63182
63187
63209
63214
63233
63247
63251
63261
63265
63269
63280
63286
63307
63311
63313
63315
63328
63329
63332
63334
63340
63342
63353
63356
63382
63393
63397
63411
63415
63434
63435
63444
63446
63449
63455
63456
63459
63465
63470
63486
63503
63504
63515
63520
63524
63526
63529
63537
63549
63563
63567
63617
63624
63627
63634
63635
63638
63643
63645
63653
63672
63681
63686
63700
63703
63710
63712
63713
63740
63744
63755
63761
63761
63778
63779
63781
63791
63798
63800
63803
63811
63825
63829
63829
63832
63847
63847
63853
63864
63873
63878
63894
63894
63899
63902
63904
63937
63940
63943
63949
63965
63968
63975
63991
63996
63996
64000
64002
64005
64019
64026
64032
64049
64056
64058
64070
64092
64096
64100
64101
64117
64126
64129
64138
64141
64141
64143
64147
64150
64159
64167
64170
64175
64189
64194
64197
64204
64224
64244
64249
64275
64279
64280
64282
64290
64292
64310
64311
64314
64315
64321
64342
64344
64360
64360
64364
64365
64387
64387
64397
64402
64416
64453
64454
64466
64471
64489
64494
64495
64508
64509
64519
64555
64565
64577
64590
64594
64596
64600
64610
64611
64618
64624
64656
64665
64671
64680
64691
64723
64724
64739
64752
64764
64772
64772
64776
64780
64781
64785
64789
64791
64805
64813
64820
64832
64835
64841
64848
64857
64860
64869
64880
64899
64909
64913
64916
64921
64924
64927
64929
64929
64934
64935
64938
64940
64967
64973
64992
65003
65009
65009
65025
65036
65039
65066
65080
65091
65096
65098
65099
65100
65104
65121
65150
65161
65161
65166
65169
65170
65186
65200
65201
65207
65210
65211
65253
65266
65268
65268
65286
65297
65303
65313
65319
65334
65346
65350
65354
65359
65375
65381
65383
65387
65390
65393
65415
65423
65431
65445
65446
65465
65486
65491
65501
65502
65516
65519
