10
77
89
137
139
191
318
362
387
453
466
483
556
626
655
657
663
679
721
726
775
826
835
905
932
939
961
965
975
978
983
1033
1077
1082
1084
1124
1156
1187
1216
1217
1219
1236
1266
1268
1287
1316
1340
1356
1368
1383
1386
1439
1461
1466
1490
1559
1586
1597
1638
1673
1676
1678
1684
1749
1750
1778
1812
1818
1865
1876
1982
2035
2098
2105
2106
2133
2162
2169
2199
2230
2256
2292
2303
2315
2331
2418
2455
2475
2479
2536
2549
2555
2561
2562
2631
2694
2722
2726
2737
2745
2757
2771
2791
2817
2972
2990
3004
3016
3107
3116
3118
3121
3127
3142
3147
3151
3165
3166
3228
3248
3300
3311
3350
3395
3426
3479
3483
3564
3627
3640
3698
3716
3785
3796
3834
3840
3858
3867
3879
3889
4108
4124
4136
4192
4215
4287
4307
4311
4358
4401
4490
4508
4576
4578
4625
4646
4659
4703
4759
4779
4794
4823
4828
4876
4986
5000
5077
5088
5088
5095
5127
5142
5180
5253
5297
5337
5401
5423
5442
5472
5475
5504
5527
5532
5564
5582
5634
5652
5696
5696
5728
5730
5789
5847
5866
5882
5898
5899
6000
6020
6086
6086
6102
6163
6188
6220
6226
6248
6260
6462
6463
6479
6489
6498
6578
6617
6620
6635
6652
6777
6795
6822
6842
6861
6873
6890
6970
7029
7031
7049
7102
7139
7152
7155
7183
7192
7195
7241
7280
7288
7312
7327
7363
7367
7388
7411
7417
7600
7631
7634
7658
7698
7708
7738
7810
7855
7870
7922
7945
8008
8022
8027
8082
8096
8099
8163
8182
8201
8263
8284
8316
8339
8341
8342
8343
8394
8425
8435
8442
8458
8459
8512
8573
8590
8647
8660
8689
8771
8841
8853
8967
8974
9034
9052
9065
9078
9160
9195
9204
9275
9286
9322
9407
9431
9436
9467
9486
9560
9568
9572
9670
9688
9748
9799
9819
9852
9917
9966
10034
10063
10096
10120
10178
10227
10269
10323
10338
10381
10409
10448
10465
10509
10522
10555
10574
10623
10644
10658
10664
10734
10758
10764
10801
10814
10814
10815
10851
10867
10908
11026
11033
11034
11083
11109
11147
11184
11217
11218
11286
11294
11294
11317
11400
11433
11471
11582
11605
11609
11630
11642
11663
11669
11690
11708
11761
11789
11820
11876
11896
12006
12008
12012
12035
12158
12205
12223
12241
12307
12349
12367
12378
12379
12476
12490
12500
12516
12525
12533
12597
12653
12686
12717
12763
12957
13023
13026
13073
13074
13078
13139
13161
13205
13244
13269
13326
13326
13343
13415
13428
13484
13499
13569
13594
13637
13644
13705
13752
13768
13773
13795
13809
13831
13832
13836
13896
13905
13933
13953
13958
13966
13995
14041
14048
14052
14118
14158
14170
14183
14190
14222
14254
14263
14288
14289
14303
14304
14315
14339
14366
14402
14413
14444
14487
14506
14547
14669
14688
14699
14700
14734
14760
14813
14841
14847
14854
14855
14891
14931
14931
14935
14961
15041
15191
15206
15206
15218
15279
15336
15346
15356
15361
15403
15406
15471
15527
15544
15550
15665
15695
15734
15755
15814
15818
15901
15961
16018
16109
16164
16233
16241
16245
16273
16281
16304
16353
16384
16393
16393
16492
16505
16506
16605
16621
16624
16657
16661
16688
16710
16727
16773
16785
16803
16878
16908
16967
16983
16985
17002
17020
17030
17042
17082
17083
17085
17091
17112
17189
17207
17226
17229
17301
17332
17392
17420
17425
17431
17511
17518
17534
17639
17671
17674
17712
17731
17753
17788
17846
17879
17916
17925
17928
17950
18114
18173
18177
18187
18190
18231
18233
18247
18250
18285
18305
18348
18379
18380
18391
18459
18467
18524
18550
18571
18595
18634
18693
18708
18723
18725
18816
18856
19008
19051
19063
19064
19076
19102
19141
19145
19306
19309
19347
19360
19370
19389
19405
19423
19475
19506
19513
19539
19562
19593
19617
19658
19671
19681
19714
19726
19730
19778
19834
19842
19884
19888
19903
19904
19952
20003
20017
20043
20150
20162
20197
20206
20207
20269
20280
20320
20354
20379
20383
20411
20413
20424
20429
20465
20523
20544
20557
20585
20605
20649
20670
20675
20676
20763
20883
20889
20920
20927
21008
21034
21053
21062
21084
21096
21136
21198
21210
21269
21291
21297
21490
21520
21573
21618
21630
21651
21672
21682
21687
21702
21704
21735
21774
21823
21828
21846
21855
21858
21878
21893
21907
21939
21966
21981
22016
22050
22052
22085
22174
22211
22247
22298
22350
22356
22455
22480
22480
22496
22530
22537
22539
22544
22549
22562
22582
22618
22641
22679
22703
22724
22760
22775
22783
22823
22825
22836
22847
22891
22898
22967
22968
23042
23049
23097
23102
23109
23160
23182
23211
23265
23317
23319
23336
23353
23363
23369
23376
23380
23426
23446
23464
23478
23478
23502
23511
23656
23665
23667
23689
23717
23721
23751
23779
23796
23811
23818
23824
23883
23932
23989
23991
24007
24029
24060
24271
24287
24324
24325
24327
24360
24365
24380
24437
24464
24545
24557
24569
24634
24699
24706
24711
24712
24725
24736
24742
24744
24774
24779
24820
24848
24899
24935
24975
24991
24995
24996
25134
25142
25174
25222
25232
25244
25278
25291
25329
25399
25406
25430
25457
25483
25499
25521
25549
25611
25666
25670
25681
25697
25716
25728
25739
25754
25787
25841
25887
25984
26000
26070
26079
26130
26144
26193
26240
26289
26294
26303
26309
26349
26372
26408
26422
26488
26651
26679
26695
26705
26726
26731
26804
26812
26873
26913
26919
26932
26933
27000
27036
27039
27055
27071
27119
27128
27191
27224
27274
27288
27315
27336
27355
27371
27417
27432
27471
27495
27524
27555
27623
27631
27721
27728
27806
27807
27840
27864
27905
27938
27945
27954
27992
28057
28118
28122
28262
28269
28298
28315
28329
28337
28371
28404
28526
28588
28663
28685
28710
28727
28758
28759
28765
28805
28815
28824
28878
28953
29004
29029
29035
29042
29136
29138
29162
29190
29213
29218
29263
29396
29404
29444
29444
29470
29488
29514
29620
29625
29665
29672
29675
29683
29705
29742
29755
29761
29773
29797
29900
29902
29944
29949
29949
29955
29965
30203
30222
30275
30286
30368
30387
30396
30414
30429
30471
30534
30606
30610
30654
30661
30665
30667
30692
30711
30729
30734
30735
30754
30808
30813
30842
30889
30909
30937
30956
30968
30990
31015
31063
31105
31107
31129
31149
31150
31154
31175
31268
31271
31273
31290
31358
31410
31447
31489
31504
31524
31553
31568
31573
31615
31635
31713
31735
31743
31751
31752
31763
31794
31814
31862
31882
31898
31980
32006
32016
32048
32123
32126
32162
32258
32268
32334
32418
32442
32446
32447
32463
32503
32566
32602
32643
32702
32718
32734
32780
32841
32850
32869
32886
32911
32969
33028
33048
33115
33173
33181
33221
33223
33230
33231
33265
33278
33284
33323
33345
33391
33427
33435
33435
33453
33500
33512
33554
33557
33564
33587
33589
33600
33601
33630
33707
33743
33764
33818
33829
33833
33837
33876
34148
34205
34211
34300
34322
34336
34436
34506
34520
34625
34649
34670
34679
34750
34752
34763
34803
34812
34853
34973
34989
35004
35119
35137
35158
35162
35274
35282
35331
35355
35397
35419
35422
35444
35444
35454
35504
35576
35699
35756
35779
35793
35796
35864
35868
35878
35900
35902
35936
35957
35965
35965
35972
35973
35991
36011
36028
36031
36045
36070
36072
36222
36265
36283
36332
36348
36519
36527
36548
36571
36571
36590
36599
36617
36647
36705
36711
36763
36792
36803
36835
36873
36916
37127
37161
37174
37215
37230
37257
37259
37271
37276
37278
37378
37445
37547
37549
37562
37569
37579
37585
37594
37607
37621
37627
37628
37630
37642
37709
37719
37720
37791
37866
37891
37892
37929
37953
37978
38015
38042
38120
38122
38138
38152
38169
38210
38219
38267
38348
38353
38376
38419
38444
38454
38472
38483
38588
38608
38654
38687
38767
38821
38854
38873
38909
38915
38930
38934
38953
38955
38964
38970
38972
38981
38999
39036
39066
39133
39224
39292
39333
39358
39384
39463
39623
39669
39689
39716
39733
39735
39753
39758
39817
39828
39895
39938
39946
39979
40029
40054
40054
40080
40099
40152
40163
40188
40193
40201
40246
40287
40309
40376
40449
40453
40510
40513
40550
40599
40625
40632
40653
40739
40741
40831
40946
40961
40989
41048
41053
41086
41102
41112
41120
41189
41216
41268
41271
41312
41313
41320
41417
41507
41512
41572
41644
41692
41746
41753
41780
41810
42050
42063
42064
42152
42164
42170
42235
42236
42251
42325
42341
42451
42465
42528
42576
42627
42649
42695
42703
42717
42806
42826
42828
42867
42891
42911
42912
42937
42944
42959
42974
42978
42984
43010
43042
43109
43159
43186
43196
43274
43290
43392
43429
43466
43483
43488
43497
43514
43516
43533
43569
43571
43587
43624
43672
43751
43764
43787
43829
43848
43872
43873
43946
43952
43983
43994
44019
44035
44075
44082
44099
44105
44202
44210
44248
44300
44320
44347
44385
44424
44425
44446
44462
44482
44484
44497
44531
44644
44691
44692
44705
44728
44760
44805
44816
44888
44891
44909
44963
44971
45038
45054
45107
45118
45140
45294
45321
45322
45368
45412
45455
45457
45462
45486
45570
45573
45656
45774
45788
45790
45792
45797
45828
45829
45853
45927
45945
46093
46123
46143
46167
46200
46204
46208
46252
46263
46350
46422
46450
46461
46463
46513
46535
46550
46579
46617
46623
46636
46636
46718
46751
46778
46885
46991
47003
47007
47008
47013
47036
47056
47082
47127
47134
47164
47167
47223
47265
47283
47344
47347
47432
47530
47582
47586
47636
47650
47658
47726
47741
47790
47835
47889
48019
48041
48068
48106
48179
48200
48203
48250
48253
48322
48343
48373
48393
48398
48478
48500
48580
48620
48681
48691
48691
48730
48829
48837
48846
48888
48950
48967
49030
49040
49103
49121
49141
49151
49178
49180
49186
49212
49245
49268
49292
49375
49506
49511
49517
49521
49581
49605
49625
49635
49647
49765
49779
49780
49801
49817
49822
49827
49891
49979
50031
50046
50062
50137
50169
50196
50241
50266
50390
50401
50455
50479
50545
50551
50601
50637
50640
50717
50719
50736
50781
50862
50889
50891
50947
50970
51023
51052
51066
51069
51095
51120
51156
51160
51187
51212
51215
51246
51255
51263
51288
51297
51305
51364
51365
51371
51378
51379
51402
51450
51553
51559
51614
51625
51626
51627
51670
51698
51729
51734
51745
51753
51757
51770
51776
51788
51796
51814
51820
51896
51897
52048
52052
52097
52125
52145
52203
52225
52271
52271
52455
52485
52504
52564
52566
52571
52693
52715
52744
52780
52823
52838
52848
52953
52954
52980
52999
53028
53077
53098
53151
53171
53177
53258
53274
53324
53331
53339
53364
53367
53406
53487
53510
53548
53568
53639
53724
53733
53781
53786
53797
53867
53888
53936
53971
53984
54006
54026
54047
54174
54278
54283
54299
54314
54373
54380
54390
54406
54409
54418
54457
54467
54502
54525
54550
54563
54629
54632
54685
54694
54744
54775
54787
54915
54934
54978
54999
55122
55212
55230
55261
55276
55310
55346
55352
55369
55370
55428
55440
55448
55528
55532
55572
55629
55630
55634
55730
55817
55893
56094
56135
56187
56194
56197
56211
56216
56278
56287
56320
56451
56468
56568
56575
56578
56579
56682
56695
56732
56733
56778
56785
56793
56797
56801
56831
56873
56875
56938
56957
56981
57016
57022
57089
57097
57106
57137
57139
57166
57249
57282
57283
57348
57376
57424
57456
57479
57492
57496
57543
57621
57788
57791
57833
57854
57855
57879
57880
57890
57914
57932
57953
57973
58023
58036
58056
58099
58126
58165
58178
58206
58209
58225
58227
58246
58296
58302
58333
58360
58433
58480
58486
58507
58525
58528
58552
58689
58741
58747
58760
58803
58869
58881
58937
58941
59030
59035
59039
59092
59093
59104
59147
59151
59153
59190
59200
59234
59240
59305
59461
59464
59544
59559
59582
59588
59597
59643
59665
59691
59726
59730
59767
59772
59848
59879
59923
59927
59953
59982
60012
60012
60097
60101
60157
60160
60173
60201
60228
60287
60294
60298
60359
60369
60425
60445
60459
60494
60524
60580
60681
60691
60693
60699
60700
60707
60730
60857
60871
60878
60940
60956
61044
61080
61117
61133
61137
61145
61176
61176
61215
61306
61326
61376
61380
61446
61486
61591
61595
61606
61622
61693
61706
61736
61752
61773
61859
61887
61924
61940
61975
62033
62040
62153
62166
62168
62185
62203
62266
62302
62311
62382
62465
62476
62478
62515
62580
62584
62593
62686
62725
62771
62784
62789
62818
62857
62991
62994
63031
63101
63129
63133
63134
63164
63222
63262
63279
63312
63331
63337
63439
63556
63590
63598
63621
63725
63761
63839
63860
63932
64006
64012
64085
64130
64204
64261
64273
64351
64389
64408
64414
64435
64477
64480
64506
64528
64539
64541
64656
64680
64731
64762
64774
64842
64854
64877
64914
64926
64957
64966
64966
65006
65040
65069
65116
65134
65151
65157
65165
65179
65201
65235
65237
65286
65286
65332
65332
65333
65351
65365
65367
65532
