20889
50601
39689
64389
51770
14891
60359
4823
19102
40201
775
32734
17332
33600
51364
20465
48200
14700
23932
49822
9852
10623
47036
30661
41086
6463
53971
24935
10522
49801
33818
31410
2098
40739
63031
53867
55629
57854
58689
9195
65286
26695
9160
17083
60294
60524
37547
42959
9688
28710
60012
19539
39333
41512
17431
47650
15206
5866
7049
25728
22898
8099
57137
24995
48837
54632
46093
38930
14183
6479
15356
13933
33173
57283
31015
60699
52271
35793
38122
29190
31735
65365
15961
5532
8573
33391
20413
23779
6489
60228
49506
62153
2791
8339
54380
51627
30203
2169
57788
44385
8647
40376
25549
9052
32123
23796
4215
51625
59588
9568
15279
25787
42164
64006
64085
50736
31862
51729
41746
5582
46422
25716
2199
49212
1287
56578
2536
31489
58747
27555
10338
34625
35162
3118
10908
1749
26913
47889
20605
53733
57456
3116
46751
1316
1586
12533
52052
679
64261
28262
6260
12379
21210
8459
61591
22496
32268
31358
53984
58246
26144
31553
27336
61306
34670
5475
30286
28815
53364
50891
49779
12516
54006
63761
13832
22823
10758
33115
23502
42251
61376
29761
54629
49817
38219
17916
6777
37719
16505
27992
30429
42649
59544
24996
38419
61446
30471
35936
57492
51066
21291
8967
30813
42528
7192
44644
65351
50717
12223
23317
27432
40831
53077
49292
57879
58528
1673
64656
30711
18177
59879
28371
28057
53888
53367
33707
17030
51069
4108
41753
36599
58165
50719
1876
35158
25142
13752
34973
10323
58741
25521
4986
1268
45829
54278
59147
38821
23182
25499
36763
8590
19842
65134
36647
40961
20197
37585
25222
5730
41692
1439
9560
34322
19389
44202
36711
44531
57953
38915
22085
18391
64435
27071
19658
44728
48580
13269
50781
6226
38767
54775
47582
25841
54373
18693
1266
9034
56278
26488
47530
65201
60693
57089
1219
14547
35756
37929
26309
60940
44075
48393
13795
42974
42695
33453
54934
25739
13953
7411
64731
19952
62185
46778
45792
51023
32702
14289
27288
56211
8008
42050
23109
3166
835
24327
50479
36590
29488
44019
64762
8027
59643
45788
18233
36803
13705
7631
29773
60425
15041
61736
14841
11690
42978
27864
29944
42911
42152
24464
33587
17392
978
56695
20557
1812
48253
38267
5634
12205
49517
37627
52999
43624
17879
5696
47658
64351
13326
11896
59240
61133
8096
41312
40054
18305
3640
37230
61215
13023
61693
62033
30414
29902
20424
50970
64480
3142
56468
4578
15346
40449
9436
35576
51305
27315
41271
33427
26130
21828
45322
19834
17425
20649
61145
24711
38953
32016
61940
1865
45038
25329
31129
9917
55230
51553
28118
54174
54694
19051
25984
37271
26731
35419
7312
12500
29965
15814
45927
56094
37642
58480
43159
22298
13594
6000
47008
19778
38015
10644
54409
17518
35972
20003
60201
58433
6020
22783
14304
27945
9065
40287
32447
35796
42937
39758
15527
7367
55572
28685
30692
60445
21630
8316
17207
2455
47082
31447
54999
19562
9322
43873
4311
45294
31107
31743
5423
4358
54525
19726
65069
63590
60012
31980
1082
4646
38970
49375
12012
61773
12525
42703
56682
1386
18250
41120
3840
65332
7031
26070
52125
16353
37174
23667
28878
2745
22641
34300
7102
11630
54026
6635
42451
15734
5847
10764
20379
44816
27371
65157
41053
39895
42325
64966
8512
27806
40550
45118
60369
14813
5652
14190
63932
42826
5088
27274
45570
27728
28805
19904
39358
50062
59305
49040
33028
65151
27036
53406
11663
54406
53028
52715
28765
62584
52145
4508
57621
59927
49625
52455
9204
55276
33876
7600
32566
38964
2105
45368
1156
30909
32503
40513
48203
59039
56785
15695
25887
18285
36332
37549
7155
23824
57496
3151
53639
44105
7658
12957
5728
57282
32643
14931
14254
983
22530
14052
39946
24634
26651
41102
22775
59153
48846
5442
19888
7327
21136
45774
25611
24699
17788
65532
15755
9748
3147
3858
21084
43571
49581
26812
2549
16688
8974
16803
17671
31504
63621
24848
23369
24736
33181
46143
51120
16492
18816
5472
23818
7183
51246
16661
31882
36265
16657
47636
13244
52571
18725
1559
30606
2771
61137
387
52225
4576
17189
37127
3311
48041
61975
26679
7241
29620
40054
58360
13343
58869
31063
37161
33284
16773
21053
65165
20269
37709
47265
33512
24744
33221
2303
22582
35991
63439
22968
55448
2479
7388
27039
5789
55428
23478
65235
29900
53098
39753
22724
905
318
53786
5297
33601
37791
26349
33230
25291
31290
47726
58803
23265
48179
28337
13078
18634
26240
36045
41313
61486
10664
2817
34506
33323
26294
34205
63222
46623
41189
53177
14760
41507
8660
52823
9572
46450
13637
10034
38972
12158
24991
65006
35422
7634
27807
48500
59035
54047
51776
34812
17229
29672
37628
51734
62994
31154
53171
60681
12241
28824
48322
27000
37562
56981
14288
14366
5127
60691
57166
44099
40080
16621
43569
9966
57022
38608
25697
17753
27119
44705
52564
44347
8841
57424
63312
39066
23042
50947
34211
35282
47003
49765
29514
51796
8442
11033
626
13569
38955
57791
24899
13499
41644
35699
23464
362
8771
16393
18114
3121
28329
5142
14699
4401
29797
12476
43466
52838
30654
44909
55352
44888
29138
52097
31149
37579
63129
64541
18379
36548
24029
10509
50046
137
46208
40741
33265
54978
24365
51378
58099
52693
23751
40029
24325
53548
52504
2256
8082
50390
47164
30665
29742
43533
17226
28122
48343
47586
27128
1187
51365
51156
44462
3107
18524
25134
43848
51788
47344
35444
37630
7139
55369
61380
47167
14158
16624
1368
49180
24706
51757
30808
55370
48730
41572
39828
11317
24380
21878
38444
58333
7708
56831
37259
10814
9819
29625
21893
61606
11433
24569
932
18571
14402
62311
32969
61326
46167
34336
44971
5337
53324
43010
27938
36519
51814
2230
47835
10658
56875
53510
36222
31814
44805
7945
42627
21855
37569
31752
17925
16233
56320
18856
2035
37953
48398
35004
33743
29029
36571
45945
1597
24360
56187
62302
60878
42465
31763
10409
20354
23102
31150
56575
54915
43186
31751
64774
65040
3785
30990
50196
20017
21774
36283
22052
59726
19145
24287
60700
15406
60857
8342
17002
19681
64528
46535
47790
8689
12763
25430
29042
35864
56579
52848
25244
1461
19063
57249
965
22847
22703
51160
10096
11708
21907
64914
5898
8284
23665
33829
23689
51753
42170
7922
5899
8394
54457
20920
17082
1684
46350
46123
4779
4625
33435
62789
6086
19730
54502
39817
42576
11669
58209
19903
23376
47347
52048
62040
55630
42944
63101
46550
29162
39735
21704
2292
15361
43392
23211
32442
12307
36792
45797
17085
41417
46463
14339
14734
657
36072
54550
10465
47741
47223
63134
38348
29035
49647
34853
51896
27055
32418
32911
56216
39384
21846
58507
54744
65237
48950
54418
12008
20206
34679
61859
61622
48373
43429
43587
49030
13966
32602
26726
61706
47056
24324
1750
10555
8435
3834
29683
2722
3483
62593
58937
42867
51670
19141
64842
51371
2555
53724
30610
22760
55634
26933
51614
38472
37594
29665
21966
51559
62266
48691
14961
43787
40246
16710
21573
48681
20544
51255
51402
56793
15544
12035
1356
1678
31175
663
20280
961
21618
50889
23721
44484
45054
9799
17420
17112
39463
6617
35902
3426
22539
50862
14444
62784
34803
3248
13161
55346
21735
31794
13836
37278
43829
15191
6188
42235
48620
59234
43196
4703
11820
34148
49186
56873
43946
33837
41216
50640
40453
11582
21297
62991
29675
2972
27471
64477
6220
40632
21520
27954
6890
35355
32463
17950
50545
5882
27417
33630
65116
5077
5564
11400
39224
21981
35504
50401
55817
11184
2737
30734
55532
56801
60956
19671
59772
22891
51379
33223
30754
7363
61176
4876
42717
60871
22825
60494
1217
50241
28588
33564
22549
1383
44963
29004
23363
14931
46636
13644
58881
16605
11609
16109
7870
7029
35779
2106
62686
54390
2561
27905
61752
30968
32780
38934
26303
22836
1124
60287
40309
62478
28315
62857
63860
40510
59093
21687
55440
40193
2562
16018
56797
14170
32126
31898
21198
35137
1236
18348
23991
3796
46252
20207
34763
46263
26372
28298
3564
27495
23049
43872
24437
18595
8425
55528
59104
1982
44446
16241
9407
47007
32258
33435
61176
31615
65333
49605
1216
1033
2418
57973
4828
15901
45412
6822
29396
6248
35119
191
975
25399
11294
58178
43994
52485
15403
4794
54467
59848
21034
31105
41320
20523
64539
4192
19370
31568
53797
20585
65367
23446
45790
4659
6578
25666
44248
35973
64680
13831
3395
32886
6462
14688
58296
50455
1638
8163
22480
23336
2475
43514
21672
11026
31268
20675
15218
50637
19475
3479
38454
19306
59691
18708
56732
33500
11605
35444
36705
43516
16506
40099
10867
22967
54787
3627
40653
23656
11789
63133
46991
14263
8343
3127
58056
6842
56568
7738
57479
43274
43983
63164
62580
38138
49103
21008
6102
60707
56451
42806
38687
40188
50137
16785
30387
6620
20411
5504
30275
64966
35868
44497
46461
44210
14855
38981
51052
38654
46718
10227
16393
57932
7855
46204
30534
56957
1676
3867
19360
58126
13905
25278
10
31273
42063
30396
37892
29705
35900
2631
29136
38999
47127
42828
17674
29213
16273
35957
2331
30222
13415
18723
22618
21269
64926
20383
45457
33833
57016
32048
59190
38152
24557
59200
3889
1084
24060
41780
63556
27191
11642
59923
655
26000
37215
51095
55212
53487
54283
57543
18173
2162
43497
8022
56197
10120
28404
3350
43952
19884
35397
37607
58036
59953
31271
61924
28269
22562
5401
26289
16985
17042
20676
17639
43042
57890
35965
32718
13073
24712
24725
64012
26873
35454
6498
17534
45573
2133
20883
23989
22016
23511
61595
47283
17928
60097
43672
13428
49891
16304
39716
1340
33345
27623
51745
10851
52744
22174
10801
33048
46885
2757
31524
40989
38210
5253
25754
18247
40152
46636
42236
62168
37378
5527
11147
22537
89
22050
35965
49979
38353
42912
18550
6163
5000
4759
49780
24975
26932
60580
58023
41048
63337
56778
49268
36011
29263
9486
21490
3879
23353
63725
33278
60730
3716
44425
17731
36571
939
20927
53781
39292
63839
6795
12686
36070
44320
62465
61044
38483
24742
20763
13995
55310
12006
63262
58552
41268
39979
14506
12378
63331
45462
45656
58525
49178
24545
43488
52980
25483
64414
8458
32006
29949
48019
44691
483
26804
8853
28759
65286
826
49521
46513
56135
28758
11471
49151
37257
51450
30889
49635
49245
10815
29755
9467
27224
54299
52954
14669
47013
19064
55893
13484
16245
38376
25406
16727
65179
1490
12717
32162
2315
29470
13139
25681
58227
57376
42064
29949
43290
7417
14048
59767
18231
11034
3698
45455
65332
23883
27355
14041
10178
17712
27524
26422
23319
20162
10381
55730
21651
23097
22356
56733
52566
2726
16878
12490
60101
58941
9670
5088
33589
23717
64854
51820
34750
3016
64506
1778
59665
59092
15818
4307
44035
10574
30729
1818
30735
8341
24779
19617
64204
47134
10814
18467
17091
60459
30956
44424
21096
40625
49511
54685
31573
48829
8201
33554
19076
39938
35331
13205
726
18380
17511
44760
28953
15471
13809
26919
23811
38588
13768
22480
52953
57348
40946
37276
52271
39133
16164
40599
14222
139
62515
13026
48967
5180
46579
35274
12349
49141
48478
13074
34752
453
57833
30937
48691
38873
57855
39733
44692
38854
29444
64877
30667
37621
36617
50169
11218
52780
25232
58206
20150
22211
5696
36348
60157
19506
6086
6970
35878
54563
20043
5095
22247
45107
36031
38169
51212
61117
12367
30368
34436
41810
62476
32334
13896
33557
16967
57880
53568
9431
50551
8182
64408
23478
11761
59030
42984
17846
33231
13326
6873
53274
51187
61887
77
21682
34520
51288
50031
14118
48888
51698
23160
45828
51263
4287
46617
2694
62166
34649
44891
14413
10063
43764
37891
21823
4490
48106
39669
37720
28663
13773
58225
14315
42891
58302
3228
11876
11286
53258
58760
60173
6652
16384
7698
57914
20670
54314
27840
17301
56194
7195
31713
721
18190
36835
22544
22679
19405
29444
27631
48068
10448
20320
62382
53339
45853
32841
32446
57139
53331
25670
19008
59982
9286
26705
19593
29955
48250
47432
14487
38909
21858
46200
6861
7280
50266
29404
62725
4136
26079
24820
52203
36527
45140
16281
57097
25457
49121
24007
49827
36916
16908
3300
64130
26193
62771
18187
23380
45486
32850
37866
51626
21939
51297
58486
29218
36028
55122
26408
40163
15665
18459
59597
19423
63598
43109
43751
56287
59461
34989
7810
30842
51897
11109
62203
45321
41112
14854
3165
21062
14935
8263
7152
36873
59559
32869
556
62818
22455
59730
37445
38120
12653
64273
24774
43483
9078
2990
1466
3004
37978
9275
1077
57106
53151
63279
4124
28727
12597
7288
17020
60298
15550
56938
31635
42341
24271
64957
39623
13958
59151
44300
19309
39036
10269
44082
16983
19347
14303
51215
22350
19513
27721
23426
11083
15336
53936
15206
11294
33764
55261
61080
28526
38042
19714
60160
14847
11217
59582
21702
25174
20429
466
44482
59464
10734
55795
43678
62847
4563
62124
52428
24075
24310
43085
2389
39645
31485
17595
18171
65248
40087
46482
28238
12593
661
55630
60207
11877
16908
16373
37050
4568
49605
48763
31264
60338
39022
9406
24882
43584
5995
11774
34890
30304
54859
37279
37180
20808
22105
22582
53288
29423
3529
48757
42015
4189
38851
36686
48832
22990
20290
53113
27558
4359
36340
58821
31929
9826
35458
56810
20642
8684
3048
22763
6219
25138
60041
10631
13178
49377
33212
930
13264
3972
49686
22511
40927
55769
26428
56990
45990
46718
44567
40779
51076
15371
1296
50236
57964
36754
41510
13070
12669
11790
35832
18888
36927
63105
62285
17336
14178
62728
18265
60209
1165
35183
17184
9323
58183
43611
778
5869
57560
45344
46648
10333
27947
47943
60568
20375
51928
3775
33444
64597
15564
36507
50716
19722
1308
47465
37058
48253
44657
22554
42926
13053
24968
27341
22376
50382
38183
23153
56251
30208
35728
37363
7772
63674
52537
2804
18513
38930
6578
19188
5223
54908
22927
55938
41862
24234
37867
13384
39718
49755
3169
17108
62808
60904
11680
19648
45750
49863
10032
36465
47302
45759
41059
55073
43898
28061
25108
29642
34222
31686
48830
39444
53825
6221
62613
30151
63221
2176
10766
37404
51930
46702
21743
49202
42070
33423
36081
22284
17750
13344
25981
32283
59103
34271
21820
4697
62331
46927
34338
63784
45844
50399
4924
34134
56619
2001
31516
21537
4176
9514
58940
23338
56215
47914
39771
65516
15801
43084
22264
782
56427
15476
33064
49994
49747
54883
21922
13774
3507
56260
12023
49350
41123
49713
50715
64974
51714
49463
20975
23121
58976
47146
13690
16887
29524
53461
16867
45325
31009
6362
13338
21900
21838
46402
39126
6049
35749
28279
19822
6487
19003
64611
55837
27358
16021
8248
59563
2199
57710
47769
58086
18382
29379
39008
35268
58902
26933
52134
5923
25173
58496
19261
14304
47565
127
53429
53613
3107
16173
40666
9594
2407
6974
32662
62531
22994
40909
56558
57959
316
38791
17741
18697
35401
56748
53965
61535
50912
40563
1922
10549
755
53949
24853
48319
21307
45513
3628
24414
28917
11526
1239
64091
18499
1132
61086
8724
42040
19341
1147
42355
25363
18887
61052
27996
42867
16713
23995
28243
57275
25916
38792
25262
47097
30876
8045
2868
43620
44440
60048
7002
55965
61286
5557
8928
62417
33874
17651
6154
20446
51564
15740
45809
37682
11256
8269
15013
27968
65030
43256
52475
25410
49279
44968
6971
47386
20244
42606
25470
64683
37118
65238
55112
32869
5259
31271
62517
6365
16153
35902
26810
34948
51642
39850
7095
62897
15350
22107
58097
14844
32594
12268
7486
49104
57235
47223
30954
44710
24293
23656
43858
61411
23358
666
61511
61384
64704
25724
2213
15321
61626
29022
50269
47732
36104
24595
12325
51453
46701
37653
33529
46527
49920
41014
30095
8851
55468
28281
53561
14226
51936
64650
42868
42525
65315
6075
38373
31715
31798
40585
47036
27888
36839
64536
10084
7407
23595
22409
26091
37527
60061
26851
18518
11678
35096
15845
20528
25029
11357
41320
6486
30524
7666
49353
7513
40213
22659
45886
6392
54456
53702
20659
16809
25005
19659
26892
65178
10485
16532
58501
48012
11058
19816
33761
55502
54912
16837
43261
47172
28193
19046
53657
25948
59478
4706
33461
34155
27364
46578
40547
16284
34744
61205
324
59749
48096
27216
26623
58580
43747
19588
8288
22036
39404
9281
12002
61547
26117
55263
43183
21542
41540
31304
47489
2714
3241
48181
36869
30604
29223
44647
14119
31199
7548
14443
58179
22875
8890
19266
48687
19868
38854
56974
9136
45489
33486
21137
41500
59603
43631
19147
48376
52402
17682
63096
55116
20922
45742
59216
18757
42196
38327
32875
7859
45874
14549
502
3214
23438
19768
51900
43306
25853
10570
52441
5806
44056
40809
47305
5355
51672
33683
20962
38538
51364
18522
60885
6750
64263
54565
25506
8156
60123
25612
16014
7694
40161
49283
10907
63598
3515
30038
8600
62134
7839
61040
2404
19126
3546
16940
57247
55217
50622
12673
60986
3682
31195
56336
10431
62689
12597
3168
5309
7185
28779
54090
14878
3404
37837
58551
34234
8583
55820
42833
5181
30890
5570
40351
50016
41882
24522
8959
31563
42375
21632
59780
46056
52826
17812
23718
17211
30409
26885
55287
4825
22895
43841
52469
59066
48909
12716
60531
24723
35767
37828
29903
1121
10629
37485
18368
52510
29238
27327
51304
6077
48958
45549
19364
3480
63360
43081
53457
61000
37197
43208
33056
27323
54280
19989
20853
37653
65471
15848
62375
35702
20908
59509
4055
64303
64225
22422
18510
27927
16980
4278
1235
33169
17058
20598
3880
14883
30910
57337
43114
2571
2241
10635
62661
56521
30623
17978
28638
30559
1058
58245
33492
21965
19450
37546
53499
18140
27200
6473
46066
11411
10751
14533
44580
27808
35130
48459
9922
505
7492
53036
35842
9733
30902
32967
718
28756
18177
62122
59314
19234
22063
60038
8430
41513
32048
61928
26884
26479
2866
40181
37890
13616
54713
16934
8655
24308
32624
51344
57579
7348
6076
60652
17080
36977
28084
50564
197
13492
47150
26743
32725
36445
54012
41154
45189
20524
37546
6537
14235
40411
46717
52124
21258
35895
36289
62680
27434
3377
15720
19477
10724
21795
14593
60570
26003
9908
45598
58966
23399
59980
52940
23355
63656
41416
64508
43309
29172
3751
49845
43406
44161
31026
29994
32651
34152
747
29795
61585
36890
45514
48293
14846
34540
30118
9880
60542
7257
22710
21204
30656
49921
8609
21242
48041
50024
52982
25814
46427
56732
10123
24297
2589
8380
21522
35239
42532
55035
32265
5813
59157
45010
54106
8467
46781
18688
51113
9019
25944
41054
30223
23831
25439
38831
12305
40711
56086
65286
989
36978
56482
43878
28506
26302
52258
50028
28773
62021
6759
28269
2298
380
7744
23635
41613
21756
42322
59958
30775
35498
35476
60997
26560
28147
1524
38864
3322
24841
38614
4311
29050
62327
15420
57556
23094
34909
9280
51866
31394
16038
14599
924
49185
55109
24558
25262
11330
34112
52451
42104
4074
22392
4797
63400
50538
39087
36729
53859
63927
9807
25401
27442
6599
8053
52229
62459
42961
61508
48789
41587
44777
63387
9742
61193
20193
34299
53687
31522
35642
40602
40857
6947
62993
12885
4812
15227
51971
41540
36318
17594
18578
28950
45035
57943
37002
64495
54866
47195
60467
38119
23246
6941
3203
219
2598
23395
34517
56284
22148
37391
31351
63004
44337
61575
10353
16380
11267
29555
25151
47584
47148
43729
10998
59415
36136
15232
58374
58234
62426
20538
30817
52903
27478
1251
53121
62842
24645
54869
20823
14024
59491
19405
11492
5525
15444
54611
21904
59477
18630
47055
8757
243
25248
52522
59657
28615
2218
19727
21313
31875
7496
19362
52009
2205
53379
6826
65047
45256
28926
53101
59279
22882
6970
5236
28406
55180
59846
50309
49122
45708
64595
57878
45950
57074
44864
7303
20154
47081
59796
8698
46187
1757
60826
32660
3961
48670
6717
36239
28390
35643
23804
22133
58524
30773
60135
54161
20418
21678
6166
36771
34617
5226
29113
47798
62299
8442
55100
49684
22754
16592
25614
36173
51115
20904
3297
55076
36805
42781
25779
32426
12888
16815
21791
38643
47587
49157
60035
35236
5299
665
6471
39915
38657
2816
22177
35421
44024
44508
52336
1242
28332
45181
37414
13911
550
7943
36218
4586
17955
29229
37012
30842
46043
26034
36716
60861
9655
31215
63329
47721
31879
4264
54867
5001
39846
44276
7653
18334
56015
27220
19576
18811
6866
24221
65489
40182
64930
36171
44767
17349
65399
49010
15422
45906
9508
52137
8464
51930
17816
6257
34115
16927
10520
23446
21927
17598
2186
62346
35931
58201
56797
22738
44243
63662
46959
44196
5540
13585
14832
17539
63701
47462
33780
13587
60600
43288
189
3528
62449
50771
9784
31028
2162
53070
21705
56855
5132
56658
20897
41063
16555
12159
63800
60797
43052
12455
6690
48592
58807
54288
33362
56972
36214
1606
37790
31278
12125
37978
34805
9038
55981
11820
7297
58142
64890
29002
49462
4486
20124
37590
12780
3910
49748
11045
31938
60032
56266
38627
43088
49537
27379
10914
8205
30825
12519
45995
29334
24644
51204
31371
913
41649
43190
8210
34256
42544
4443
50949
14262
57333
23003
27041
61242
39983
5317
27644
34479
61583
736
44798
12816
60881
55711
53788
26170
35461
34247
22736
27336
19915
54106
28249
61564
31760
3690
63051
41536
8132
48464
55797
65464
38698
50069
61170
13145
55386
23278
47623
18665
56780
26885
64247
52126
49827
52499
45527
52520
21210
35494
47087
41125
24064
42567
4385
23056
46256
1900
64591
21619
17595
22084
21547
23524
6617
49948
36669
29234
7691
51523
47898
31702
45640
46610
51059
62698
805
63818
49682
22015
33776
31234
30371
25072
8265
1987
48127
21753
36653
14414
43371
54247
3729
32150
45002
10345
16562
48902
39579
57019
34890
54708
23186
14994
3014
41476
12156
3819
39758
29070
58600
40766
27535
23435
302
3031
25421
15660
24783
29305
62840
35386
50783
1033
2000
30249
44144
18561
13616
18187
10045
48505
40127
462
30730
43140
41937
10117
46958
16160
6418
7254
56925
33952
30688
24458
36983
23340
7349
28997
52644
4653
64382
37891
5685
846
35372
49828
52174
48987
35247
62218
64723
9838
62679
62684
20209
39080
40032
34399
22471
46450
41652
46627
14866
6805
38316
19080
62911
45664
48077
17252
50316
46923
22374
56000
15001
57745
7525
1639
41196
42771
63856
7615
19840
28231
4763
40048
34542
44795
8911
57013
25709
50563
5336
7806
24599
43652
26886
54741
23780
9427
6457
8561
23581
28831
31792
38581
21040
6548
40219
29468
49318
5771
37082
36389
34001
9077
10902
3008
53871
52579
27252
46811
37606
32587
54616
29436
10703
48733
18642
1715
58159
25098
43042
16205
21160
42065
22017
42200
48613
62236
38899
65162
35238
10445
36016
3704
19521
14149
39478
40623
1192
33961
21898
6030
1012
43746
35465
44482
26943
21338
46196
52334
13668
56469
35770
34827
32998
57786
11491
16075
21718
17621
15702
56956
28066
18949
27891
14818
33097
1833
22673
1520
35793
11802
7549
4036
55547
10246
48517
16955
31583
61944
36520
45250
52877
6754
47309
53107
64539
58799
3646
20722
43652
52114
44909
38949
5527
7264
53766
5855
41863
43670
7375
12120
55472
14923
48922
45483
57935
64671
29669
56750
61079
653
3696
15653
40173
51004
3224
39177
11500
39636
27130
55151
26215
6503
28564
64508
46533
49561
4828
22860
27696
44969
2211
17632
27123
51132
30346
19523
50267
60015
10737
13043
27899
14432
61462
2537
65436
31917
8945
44167
6017
3306
33782
64998
9808
62345
63971
23572
46370
36030
46431
41297
15463
48641
26160
42585
1469
56506
29339
18968
18217
40075
64777
13347
21739
60703
15883
54406
27084
57594
33037
332
60899
34050
32562
37938
30859
30997
61509
44460
34258
9636
52989
16952
25508
13613
59536
26977
4583
56107
13176
55566
30646
12417
3378
19616
40351
52027
41253
34666
44086
8754
34997
6681
42803
2023
44619
40893
251
7824
52585
1740
17460
40038
18691
42967
53650
45459
37175
25465
36030
50350
15495
33907
29998
18872
20755
4813
5364
62007
39478
16681
37993
41707
23361
15260
10961
35211
23385
43979
10267
10434
45718
60493
50471
31641
5156
5817
11564
42331
31281
14825
59912
46776
48731
57142
32879
3950
61954
5474
422
3129
22154
38414
12067
12747
20905
23027
15189
11521
1470
25455
54721
47188
53179
6888
13293
58335
12705
57623
2362
43985
6912
29505
57992
22874
21111
25336
26824
50297
63576
60012
20657
20195
122
32723
173
53793
55749
15361
32546
24451
8048
21731
38870
28458
28619
52162
21257
8555
11481
56385
19771
51159
20355
12228
8497
8697
4795
2552
26225
2835
62563
46881
55796
29916
14068
23200
50941
37049
5793
17951
61499
13840
6913
34833
9529
35531
54226
30786
11317
171
54402
31088
51329
41988
10547
59825
50685
15341
29609
11374
50942
59403
58255
8435
23784
39554
31634
41956
11067
37426
59906
39797
18497
34050
9094
28026
4046
63319
26043
48129
30721
14909
13681
49281
56897
24227
10803
9278
6799
40411
20651
24973
34278
46137
33407
25293
52923
65040
1713
31221
4163
28850
5483
22659
62900
14576
50684
34177
45127
43958
16770
10312
58867
30451
59593
17460
21909
4860
26737
28708
12502
14619
53680
46779
27988
54318
6537
15375
53822
41016
13827
25216
4331
19309
47875
34462
1117
255
3103
46243
44213
52639
23786
4776
50321
50610
55002
6695
22701
48970
35402
35202
63588
56313
16446
58807
45095
22982
41413
613
31229
55240
25829
35559
41780
40935
4485
42896
41189
40354
23603
52633
27458
14621
24640
12243
65230
14106
18937
22396
63075
21570
57597
28360
45114
8507
54398
24673
64255
30276
58053
29949
52747
18346
32739
28991
59280
4456
39119
2165
44809
29953
54798
6731
44573
46669
51741
44268
60775
37909
33895
25546
59479
25956
21137
39057
1695
42767
30962
33181
40274
56246
30361
27485
9056
63100
23707
35567
2020
62825
4963
14060
60010
59760
53558
39047
8126
39763
50546
3365
12136
18905
61677
38846
12093
50046
45135
13787
27277
43328
46967
2015
34038
44560
62266
10325
42124
53204
45891
11375
17726
50853
25434
12200
12310
46223
18478
20435
20450
3489
56566
65353
22393
19939
38663
34485
4449
51029
15503
64492
28821
29702
33738
62858
8726
63235
7647
50849
50904
20769
29455
35861
38854
22120
15292
18395
2808
33769
38829
56024
37257
62626
55841
59650
49796
61736
61366
21477
47229
11334
20433
10515
41035
21403
7837
49760
19102
48251
2305
37237
3484
64526
7562
42337
21110
55620
60731
56684
23854
1256
47173
61110
31113
4710
22456
15374
910
51054
36850
48139
62387
24514
25885
5118
45916
953
22109
32250
49203
57180
3951
52687
56170
44280
62255
44511
34364
57451
35660
58217
25938
50064
21024
57051
22005
10711
6889
55682
61764
10970
5517
25847
35483
31401
30964
48631
32353
53072
15345
16021
44716
19295
35939
2582
30806
32658
47093
32402
57340
49984
25083
17743
1744
13338
9258
23748
24049
48913
13894
20277
59882
19410
46124
29829
18042
44319
12924
50395
31856
61035
33647
43803
14795
4050
46385
12832
3939
60709
45233
61279
45157
37548
46253
46900
50885
55510
37879
42165
38887
51773
29674
33233
38414
43029
30293
56456
21812
10449
8547
20899
5948
42193
31934
53509
13474
45550
806
50179
40723
13270
45922
20344
50817
59406
34475
3399
49380
39585
12795
22731
58589
42468
23195
31468
19961
20720
55155
9005
31168
63701
29903
4347
7590
61836
57856
21063
41850
25893
5706
49804
39162
18860
37379
57211
12730
6318
27841
29342
13135
40635
19304
6188
50335
9731
37655
37527
30450
27274
46531
28849
58206
43666
33195
260
7198
25515
21322
16280
18639
59795
548
57801
45886
37927
16708
25847
11476
44548
22420
24610
52414
41724
30798
37213
51454
35684
9205
49135
30190
22967
12448
22860
1097
45642
23120
8295
38389
11673
24574
57027
38699
57888
16524
19049
30279
33231
12128
8987
45010
34547
33596
31889
43502
31625
36333
29420
1774
12769
13019
31963
35736
58233
54822
4064
38340
45173
12358
11193
56846
4163
35451
30009
29283
51975
16290
26793
52437
61184
35779
64679
30195
36607
31032
8162
2696
34596
4813
37236
47365
50599
36430
17565
43296
58484
21628
16100
38121
1218
60059
62198
38147
62742
26672
1894
49181
10193
28687
3314
5841
31697
2457
36035
2768
720
11428
38231
2548
49008
9931
49912
34071
13593
34708
44598
6541
23567
27930
44661
57551
22453
41324
30163
19659
35227
64823
36071
45419
60741
6617
18491
26903
41840
21757
62437
42560
417
2364
45107
49424
12295
62250
50726
58654
31422
29788
65194
54988
57717
11551
47004
47402
20106
44398
34292
55332
10917
37595
2447
6123
44211
20937
257
20515
9926
29925
30306
10342
32289
42644
59765
11815
6590
44955
4933
38011
41974
4591
60231
34156
16141
8931
48789
36247
20560
17545
58810
31476
55139
28489
4830
1046
16657
37853
54328
26582
2243
51865
36923
1763
61741
63919
13577
2795
10570
51276
8038
52544
55866
35500
53931
39238
44430
37184
42716
32221
21960
3223
63696
44331
31711
35758
45376
15599
8075
1400
42181
43084
53265
46335
44846
16702
44719
25654
19496
55288
11394
60300
42296
34491
30264
30691
40961
41925
35106
50908
8610
57066
54130
39538
35861
53072
9760
48468
3136
50601
49868
12548
28150
4829
58882
7460
21530
38065
346
8257
27818
11739
35789
37345
13462
33284
35268
21654
9674
4838
7026
51050
61903
28388
57819
64995
15924
34810
47928
51826
19876
65027
64373
48025
4320
57720
22716
58616
30249
23061
34104
25298
2032
4357
29875
15493
37641
65142
37146
14546
37211
11403
32827
33579
39790
57878
270
22946
27152
48197
9236
47027
14920
8074
29516
19239
33025
19464
45086
30505
42524
13655
55803
11787
18011
52909
60046
22883
52515
31656
4660
24190
10291
37487
25000
50080
62596
58037
7490
24212
40698
16726
38471
22850
57566
35218
42088
57822
54681
21639
22791
64437
2525
45825
10688
53302
33198
5199
10650
52944
4086
48076
11599
14376
20027
3830
64456
49854
61866
39177
8531
4261
23134
47001
27110
15164
16683
36429
7450
38596
25299
63008
37497
27823
43297
48184
15590
10960
53382
59006
63903
57468
41546
42733
6308
28805
13795
37995
13123
10125
11637
54420
47152
34770
35885
8726
17166
19800
12387
57382
58395
37685
54854
30356
65508
32616
13004
48329
10807
33618
9031
41941
25550
50576
19139
64624
46612
32933
37084
59735
10289
48720
48619
57441
50721
51736
33398
2351
6000
45784
59733
31626
17934
49051
29213
50673
48898
42216
33466
59704
10298
42496
36110
3079
60303
22480
2168
41380
22644
39251
2811
32932
55202
51429
24837
40387
4861
25467
9970
43627
5715
4167
9717
56415
20449
38929
41552
36579
48377
42249
30747
25906
51976
34088
28985
46744
23799
31152
55355
46442
37634
58165
13839
27300
11290
5907
34918
16151
64140
44887
59777
4320
16285
36726
60734
3966
42886
3983
40544
25727
46231
38522
18865
32672
7075
47849
46647
30873
46232
3698
44547
51097
61862
58385
45628
7616
31523
15010
56533
30128
27129
18007
1679
43413
54732
62412
47378
32082
859
55153
25041
14322
28140
43905
14225
35214
58985
28103
33318
39681
31800
12329
58009
28126
37945
38101
2973
36700
53110
26738
34059
47470
44744
35737
25348
1172
65380
39957
33253
33471
29575
25525
47792
24946
36661
29248
27391
30110
57350
60708
37022
23614
40269
29495
18971
45445
34827
54710
49376
55169
15912
50666
37103
60655
53634
29682
61826
53479
4104
62311
54181
910
55067
3669
58622
26193
32916
20477
23534
24730
15649
27788
15575
23149
57282
34545
35826
59341
23719
52433
48974
39631
37564
20541
1982
25662
50223
63808
46372
21558
27815
35017
55234
17346
38685
48320
43538
38832
3261
1537
30793
51676
29324
46367
42057
53837
15376
12347
47642
6327
32011
31080
13189
4039
18853
15170
62468
3540
46209
43304
57864
8488
12786
47562
25834
18702
63113
36603
57534
838
38139
22791
19745
34694
36390
61801
55763
51765
41379
5101
25323
7855
3413
38511
44660
22265
20913
41592
58571
1586
19361
18131
10074
64913
157
35907
18079
30501
6974
42844
31338
12345
32867
18314
14270
3721
14580
37264
22717
23190
42365
48040
63811
13009
53782
42936
2505
9159
51759
28307
10745
5584
46437
53585
37728
13825
56723
55807
44325
30928
347
42894
43272
33213
61207
24774
36933
10251
29269
26882
673
6098
9386
64483
51873
30399
41883
54377
39558
60874
17148
17534
922
30816
38350
5882
44640
29537
28920
23429
60464
29266
787
5433
29711
61994
62973
1108
39476
26706
60756
7380
36
4606
6328
51908
2237
15442
7982
9026
10780
57896
26559
44469
23177
32140
50350
35048
61676
13734
58477
23836
42999
26495
29268
39941
55720
26705
8281
62428
20643
3501
4272
20678
40874
10599
39817
43110
58808
47798
52135
4052
7391
45925
48520
30567
12529
566
32846
8669
14299
25787
32504
24530
19514
29004
64470
9698
22940
7215
6590
43582
43483
10862
31491
18821
54227
5773
61930
47499
20802
48529
18783
28192
28918
34534
25990
8678
35100
58836
17346
16630
51854
17081
8391
5832
13316
40093
48297
36256
14539
54886
47069
58021
32979
13025
11306
54438
51564
40467
3633
6830
56227
22415
2254
19609
56949
28243
61053
59280
21543
45630
43141
40629
29943
51532
46460
43258
58856
61988
46745
7859
18571
61046
33112
51549
8535
11649
7683
27330
52116
11316
1391
42807
962
3644
29648
57910
31887
25165
18886
20661
5260
62027
61289
35202
15255
9446
45691
8575
5898
26901
49200
24468
22411
16776
43249
63712
61192
18163
58273
47772
29478
59663
25043
30440
63307
21922
55581
29658
47087
41699
17550
19578
5422
13304
22011
20676
55516
2166
62017
28645
61833
12913
20345
18708
29689
30825
49651
25345
48987
42388
40348
12930
36516
32622
10601
34287
54544
33413
31176
36095
9576
48725
22904
14997
29260
44914
2904
19240
14311
64920
15117
10609
12298
35461
62083
9218
750
46199
1794
16968
55818
42141
62664
26798
9227
7729
28316
31002
8374
59491
1561
17949
9913
57231
178
39172
36609
35848
25644
50920
35233
40760
28760
14762
43452
25307
56746
11433
5970
58539
28400
61788
2376
25529
55817
44369
489
18598
9836
8862
45320
44163
59578
55232
35859
26987
61636
39699
62834
21744
57850
32531
29735
21074
14524
7651
46381
5734
19083
19582
31504
47482
48601
33879
7475
38883
45480
7964
24712
22547
49592
37263
1174
43634
59727
4264
5085
55827
11195
2384
44802
3509
2146
9001
57350
16670
16651
5427
55170
35733
25008
21139
17679
8074
22249
57921
14188
34960
33116
38899
57506
17172
43393
25912
28038
37584
30175
33122
27875
8601
2737
7141
12110
37650
16141
36691
21551
23
42117
11185
35755
1589
65090
20666
42429
54571
45818
56616
23995
13398
62746
48733
30569
40604
9109
25838
12652
6515
58960
40527
15116
28928
14899
59992
1042
63807
31147
22592
63829
7728
1009
34049
9316
33330
21946
18977
22365
2228
10057
13592
15625
7268
62324
13425
47871
5897
39263
60522
12411
65454
2745
27526
61613
17644
21982
29887
48682
53128
19710
46975
28087
20718
48255
4635
54048
4665
23611
43644
6892
33667
57235
55283
40934
54023
35940
56036
59919
42434
51023
39562
9584
53767
34319
5661
38642
56301
35547
21788
11125
55257
35995
6444
43206
18714
11078
64485
56146
34688
42594
30269
35586
1525
20017
10985
55548
23188
1485
17163
86
19739
56724
9669
40738
58275
48096
13844
16272
18108
2864
27396
40596
38858
1071
51033
24803
12148
49983
15413
14067
59808
45682
49653
61332
32930
27869
18576
56117
29353
35739
56202
16324
59694
33102
57061
52433
15662
38136
3169
1001
40999
63332
8828
47088
31634
59861
39123
43782
11540
54535
57848
5812
1913
9197
34375
34842
37065
52951
25423
33650
55921
48856
49973
17311
49189
41498
36976
32083
46865
40144
33083
22329
5172
41911
36648
36806
3468
10235
47819
15007
32002
7363
53585
33914
16560
22424
3221
53624
42606
61410
21738
32991
11963
38942
17534
28383
47671
54509
60465
29001
61884
60780
18561
1521
37155
55208
5558
7854
32675
20608
22860
64676
27970
10909
286
11761
564
3506
32617
43170
32148
21586
43392
11342
60528
60925
39724
42663
49898
34654
6128
46247
29898
57455
14999
34284
14360
53323
42137
47034
8395
32228
13406
3596
10368
13691
15357
10931
49964
15205
21332
49343
36790
31956
60684
31782
60112
2104
41677
11707
3989
15036
57953
33886
6956
40183
35401
21315
60737
44769
35580
3596
11461
16217
39958
54595
62674
22546
32758
14334
37750
54089
63676
9005
53276
26056
8018
47853
28160
49694
59559
32148
64730
19208
33266
6150
26622
35898
60231
21823
15132
63042
58185
59359
13723
32607
48419
10861
55153
48408
25195
60134
4193
56102
3603
57469
16623
44388
39786
44782
28546
1041
44161
27740
20248
11891
1121
46869
15021
28583
3156
30152
26089
28572
56742
39811
61178
6857
17904
18027
55264
10330
12626
59457
896
48995
51390
17518
27847
58407
29531
23625
26679
8157
18596
46926
52814
19717
61026
2299
15531
31413
65217
41620
59984
56424
48662
22858
30512
33797
40885
20241
44126
20742
46929
45022
36968
15
62539
32047
25653
59302
55671
52331
1923
8731
953
21968
61214
61978
24267
11210
60622
56715
20061
22302
47603
35954
45159
45347
4216
53275
52
15573
41248
14212
60594
45448
14226
24830
11959
39878
18596
34861
59440
53285
10823
60392
9717
6502
24066
1215
50478
51919
57930
37770
8685
7229
40955
21075
52575
45170
8815
19858
60743
17294
34069
23033
62741
15526
47862
41931
22635
33689
11256
16539
21438
22079
44162
63922
61347
2692
65136
13521
54610
57530
51290
30526
64759
59476
51601
51798
6343
27647
38888
34317
44940
7421
57349
9378
22947
6908
51308
12813
40596
29796
29352
29266
51874
40745
27652
14917
43437
60019
28437
65278
52014
46958
30269
18469
40898
49101
37498
47240
11212
10850
16021
23383
18271
40602
32760
8449
47509
51300
54028
55336
15560
50611
19066
34665
25821
13949
49581
3722
8433
12482
36231
27678
26671
33731
46146
2033
17296
50875
16505
61274
61725
32525
51889
47227
7591
51880
22907
22331
37644
11399
12132
20435
62010
63964
55099
22295
45145
39144
58783
20809
18857
29478
48486
45527
30441
61863
14792
14968
47202
31296
10707
10623
31052
62595
57849
38643
48939
15220
60973
53815
26619
40336
8714
55860
38765
63813
12619
51141
4653
5866
6414
56277
2575
54899
36268
247
18458
18291
15215
32891
49586
58688
43514
15103
55747
35827
20977
6382
18279
49181
27428
12129
23982
36142
2453
29978
1651
15071
15583
6303
53703
21996
62579
23509
44126
544
56523
62583
18834
6202
29938
35652
64889
7916
50754
22332
10975
6195
61480
62020
55375
23373
8613
46588
59514
11065
11030
28396
58902
59379
34698
14301
15839
64509
5041
27196
32284
61563
57010
18349
34996
21413
54000
1581
62095
39218
23912
40301
12644
52624
36785
35251
10461
12629
16303
37206
56460
60100
66
49826
53943
1995
31358
37014
968
3631
31441
483
32425
22916
18832
34653
44328
7296
36233
8119
13746
27377
15652
26389
14465
52436
61639
57692
65065
45174
29362
55989
39738
29427
7512
60912
31421
6101
65157
65156
42498
31063
32870
9388
53978
51701
44040
2
58997
47504
40887
7207
9345
56538
827
56576
43439
29698
48732
10200
9336
12558
33420
16305
9216
8163
11681
7869
47031
44070
7489
23993
9597
40358
33380
63574
59291
44651
30807
19984
59387
6158
27190
35963
62696
60783
27004
7831
24945
42967
50797
1512
55525
51448
17816
31972
59611
62264
39840
41106
40798
14560
65098
50394
54918
175
15664
15905
12057
13702
35888
5908
19859
30309
9103
49786
25556
36106
24848
17733
13537
10109
19244
36293
61557
37060
2730
22864
33788
42569
63969
41817
57129
30763
26675
13743
63704
9570
29647
42993
23271
65534
16132
10361
30307
25234
27379
23094
61339
52226
40826
42108
62335
60070
12865
25588
64361
48361
48451
32613
25395
14116
8894
49755
12110
2800
30729
10279
45136
60375
20503
35638
27605
36634
45998
25143
61868
7841
48236
24903
60067
23527
1475
24098
50828
47107
16917
49653
29932
32599
49497
22558
13946
25622
6777
26055
28421
37505
3565
40788
65111
24067
10890
59947
60701
56887
19554
24265
31960
35022
49167
59258
25780
50642
17820
11072
32213
1968
27956
62144
34566
11917
51934
48511
37538
58710
9030
33190
63447
45362
8442
30254
3893
52098
24666
31825
10681
11451
56089
42640
13704
6953
36362
39483
57594
21413
17786
57038
23380
45741
20878
25177
24889
7276
8152
29658
33218
49949
62847
31129
62542
38520
28614
899
25082
53279
65491
2995
31962
23276
45634
45665
30228
49228
52380
55053
5105
37397
46555
61252
17603
34665
20893
9723
9172
61812
39381
42389
13457
3924
40749
10463
9676
3828
44128
1989
24338
44083
4983
56299
34591
50617
3661
64818
1541
23272
21568
6645
60668
35354
35128
45502
4483
23253
55225
13655
19529
61837
56043
217
225
31257
10679
9900
2316
54806
11889
26653
586
16871
17417
2408
34719
53844
1690
36259
11580
56024
10136
6712
25843
12495
52214
30325
35747
9135
11211
22507
5436
34486
22723
5660
32974
633
48327
35289
55439
27447
61941
23256
11549
46589
25663
46268
34897
60119
49758
46476
50608
27125
20420
10915
39620
39865
8471
42598
48999
19682
65105
21666
21399
55059
60092
54372
55692
42883
24125
12827
37561
20530
36082
49110
1584
28976
62609
36480
23559
46831
50188
41398
41188
37839
19544
15272
44935
28015
25101
61165
14928
24670
17295
36326
46961
11851
25162
4349
21966
16518
17175
26758
37047
20488
10332
5862
49463
7405
9574
40253
21468
26993
16116
62655
64831
35659
45158
44230
30905
4723
39859
45832
62160
24385
49389
43585
3467
41782
47933
58199
25531
32339
19422
62578
52826
29753
35671
3985
4390
45244
44237
58624
39468
27584
55743
38763
30475
35365
50224
61379
7319
57314
8908
3943
48930
25528
14759
52397
1775
62691
12292
27305
62261
31713
57114
49551
28698
60017
20767
319
39725
32236
58942
13658
59819
49149
19652
57525
51745
37108
53369
26295
61653
29508
30238
45048
55035
44996
64676
24041
9384
11432
18578
6109
10377
42923
22892
6306
37404
43658
6624
44361
43125
30
25250
4641
16410
12133
62165
2619
16472
17230
28913
12590
46737
26382
24869
3469
38610
56776
60276
15225
35439
46085
21333
13047
56240
11456
19352
60875
22346
25975
39700
65470
26004
32181
4575
42413
11546
1205
12263
28017
51201
8408
7838
32403
34789
65473
3103
40630
56713
30610
55854
59384
43927
44419
6895
34631
55874
26247
29970
45451
52221
36902
45386
45457
36314
17192
22334
47859
51163
1829
10341
36829
10236
50945
36463
12256
50883
39565
20118
9292
37406
10436
3140
15797
54854
42802
50427
12425
3513
47629
57875
22965
18995
4957
2886
55308
22149
57987
4864
7776
27047
15204
44604
4514
33380
48298
16769
18727
22327
4118
28019
26965
14554
63925
42761
36639
41191
60420
16295
11935
42513
41402
2132
28739
46358
37784
51278
35738
30235
56141
10746
24513
38576
22581
29026
6421
5344
45795
57914
60437
17144
53164
21866
31697
51554
31859
35568
59976
26743
19094
39143
36487
60495
41274
65225
8550
13522
18199
44287
10989
8805
22264
35501
14612
44845
64527
53799
17420
12018
46178
12321
29161
33806
1419
28090
52591
509
63657
47032
27251
17215
53406
30969
44942
29144
30658
53491
9897
16088
65009
20885
24892
21738
56386
6736
33814
55377
60534
18465
34626
41176
63552
63786
42214
64970
59107
29269
32710
57228
43532
59960
41675
31402
25393
53848
27777
23282
41803
37674
39370
8508
58558
31493
63012
16640
38228
31290
39248
33227
16986
8338
41634
15003
39356
18312
47204
32927
14813
14379
57387
58344
41570
758
56978
34195
54605
19219
57476
30872
56892
64077
6611
17147
30035
4088
33786
35494
2609
40266
35952
19595
48603
44818
34597
22423
63129
49032
22582
45173
63410
14433
37982
6677
15190
62191
40871
4259
15874
32811
2362
39998
64120
8972
24376
28619
45826
58161
31344
48435
123
1761
2494
48726
46578
4322
38380
11403
53353
28193
56576
18460
42625
61789
25136
57814
58444
33238
29304
41549
513
64432
16011
31864
40636
40386
60482
20926
244
26291
3825
366
60818
39085
16323
9092
43406
21935
20494
63991
50127
11534
49682
27217
40554
42049
52262
33462
9751
48798
9476
43030
47694
58253
9359
55561
336
37072
10952
579
30594
47543
944
25876
21093
50034
34967
31730
6433
22693
62952
56559
34226
47098
51007
42012
23611
37734
42705
593
20996
19412
43623
35921
12130
20213
58714
12465
57284
4130
45810
22343
18904
13985
48218
7228
64018
50417
6190
4915
7574
3606
28706
9031
17936
14177
51042
41546
51910
60979
9371
40137
14855
52993
43290
26984
7670
36468
6680
32185
7829
52489
54527
59499
33706
4442
1192
32188
54858
40148
4335
29663
43753
33040
5925
61688
47216
56967
4931
823
19642
14301
8191
34496
34525
18712
28712
9426
22411
2623
41610
30239
55112
63369
56970
23282
2275
25393
22701
24364
5
27035
21258
43757
27306
27182
7142
41754
51380
44839
42576
5486
59139
17998
39982
60895
36710
3158
37552
26352
5780
13626
23823
28123
11459
15257
18636
46500
40649
8569
38095
40653
35603
59352
51641
62909
20999
58782
6359
6843
5317
48934
12329
64455
34163
52310
27046
38104
22699
64597
64456
61245
45455
22743
56600
24145
5231
9700
37877
45879
18268
10436
53763
21103
4253
39868
51243
25251
347
57601
32093
5663
8231
44421
37350
42393
63962
31627
47729
21125
63456
46649
49602
43375
36623
40666
34751
41853
17597
7092
54963
35865
17528
43190
24199
21780
50289
9906
47030
17867
34738
46354
23530
42968
58007
28111
52592
56433
26969
34785
44790
24889
48665
28856
2728
52519
3986
37479
61603
54349
11802
51030
24678
29329
28684
16108
18340
46205
58780
32601
64071
27982
13420
54832
5414
5891
17407
25238
62323
11608
27254
8809
36496
43151
37664
39224
30134
8881
43934
26202
63230
22967
11696
55139
52296
7612
38479
5100
53816
31723
4933
19583
59705
18352
8880
32350
57009
59053
24819
21028
5125
52073
29837
41621
29688
34732
48076
59821
10845
59241
53254
8539
16672
32182
30909
36199
7025
36619
8531
28072
2807
13463
47654
62511
64581
56533
62092
56054
17283
21376
11546
22407
7913
41382
31259
4832
10579
46566
64652
21423
7503
19603
62728
24175
51784
60868
60373
58808
31952
36135
21344
34758
49597
3462
64500
48642
27227
28288
6392
11741
49663
17938
1379
24807
59319
65405
29638
37129
46435
61522
25783
53938
15589
55742
45344
1837
18307
7413
27876
50258
43548
16451
52247
60376
52679
18443
10715
14370
46730
17106
58877
63625
35043
60256
55663
61594
60125
19766
419
41024
48519
26202
62193
64107
49175
42001
33175
1946
49414
28282
52203
27426
44732
6146
55033
31875
57355
212
13477
5782
17318
6818
3871
52360
34305
59533
15650
28894
46530
16069
37150
29513
42270
33807
60851
58676
43040
61257
60622
26918
24003
14521
21575
35966
20667
11072
2306
12486
44051
15782
18267
61368
55366
54904
15424
24136
16134
31074
20261
29895
47142
57410
26640
56643
58449
21955
49783
35953
50444
44869
30102
41678
59390
18908
12109
47288
62746
14414
27005
41261
62962
12504
37093
20024
1872
52517
44159
50772
50822
64420
15132
32428
23526
41771
23535
16439
30957
40549
19623
48632
19883
49724
24775
46504
35863
36883
61023
33074
51296
22492
41566
15954
34995
45891
35977
4099
104
47368
22102
50925
46252
37233
17817
4242
46235
8583
53448
44424
16363
7535
27520
36245
24491
52294
49980
60353
23641
45467
27891
42168
35191
36689
25353
37417
17044
28562
41515
17147
10394
63617
2536
23877
2546
53119
60885
16013
28933
48797
60436
45295
56332
22420
48772
15287
41946
33216
42871
32818
45915
5227
42218
15570
9147
2035
52986
26190
30596
61733
43336
8221
27046
13103
32097
29591
686
27447
12835
29618
10708
7735
42144
34271
62922
25380
16789
39332
25828
59660
39381
6207
32118
16063
54543
41264
50865
9225
1918
48692
5422
12485
56913
65234
25587
56241
62057
59039
18152
9356
55888
61627
17091
32496
30362
47244
57876
47151
21040
18168
41275
27652
57141
7857
10947
46148
16352
61811
22604
18269
12199
60793
30753
36343
60491
23571
27049
57012
17074
45200
833
7426
41291
50690
7153
38885
32398
65028
20500
20669
50427
29006
48320
9264
4094
26498
22643
53212
22773
45247
5945
2204
40504
3929
38546
2691
60266
59
59703
11804
12491
27767
51996
21013
45688
59148
59897
45317
25873
47628
450
43531
43865
16001
52795
15190
42499
9902
2866
32503
22380
8810
34706
62883
45505
40484
32806
40235
40542
26973
19270
20264
21971
5730
41277
2123
32110
2870
14671
25214
50498
15120
3209
28827
63887
23235
11249
8082
369
14114
7817
22748
55691
42522
52863
35660
50237
20133
43127
58011
14337
62396
12739
3539
35358
54015
38428
34699
56885
53098
27144
9079
35449
63119
5137
33800
20819
16385
9114
53954
30499
16930
11166
53421
26683
31260
56312
11385
18624
33903
3860
32960
63531
16598
3730
585
37845
42157
2515
61961
29719
29658
5504
65167
27241
43407
664
15291
59792
9777
3709
57522
26706
47642
45407
53388
46133
3415
32004
64757
37318
35863
64948
2545
19693
3143
35896
57537
45299
5642
21194
42250
35299
26697
41881
29771
4568
42544
12294
31591
19552
48769
56344
46257
30875
36215
1342
11473
6862
33345
43461
11411
3673
42873
13955
23365
13247
17082
48133
25778
22723
3791
2492
25253
63254
11604
22255
35053
21380
34548
1109
40931
17782
24684
54420
15888
60899
55761
27360
34992
23570
38052
46402
60009
48157
60356
50605
61403
44669
33202
54412
1856
4224
56903
59875
1942
35739
16594
4227
57118
51142
38102
65280
3388
62785
54164
19275
25380
44389
13867
60371
35191
19150
41237
29664
1771
3289
14734
30406
47957
15167
19282
17044
19391
43417
11383
54099
13620
27977
25557
37969
13583
63658
4945
49737
60908
59109
36243
20752
5194
50109
48355
40384
36491
24056
37280
38261
27345
19245
3131
9766
34411
55180
26810
21033
33061
38192
42364
13912
33400
2385
19112
46982
508
24056
63950
28647
50396
34658
16630
55590
51998
64984
63205
22953
23505
34949
61214
18081
54193
31576
27846
55836
21220
21887
11333
21512
27311
53696
2655
60710
23313
21766
9389
23820
13054
7803
19698
63449
42460
36327
53503
28923
35776
51173
19107
26512
53353
14785
44592
42011
13593
39669
32311
2044
61556
10875
23556
23331
64571
26210
51272
22348
15208
60660
13399
28261
2928
328
26174
12619
36654
46909
8773
39661
32546
27880
637
53130
9896
12460
29605
23488
52129
29147
25532
15381
40022
16319
5943
6289
9760
57214
61403
24967
19571
42033
53227
22498
42360
46633
2348
46245
28006
11121
20371
27783
6232
53774
15377
16127
699
12214
6847
20059
8592
32378
35439
15845
15928
41381
54900
25687
33059
50767
50654
52629
60031
5577
42358
4087
19441
44706
50332
14678
23058
37934
42460
29289
58939
25069
12647
59637
4514
19493
46927
13105
19102
16830
61717
35029
58210
51081
27948
58501
3545
45833
12826
63575
51409
55184
34894
38082
1586
19690
52759
57410
24855
62451
21163
18258
21984
1041
45127
59264
20534
26518
6833
39635
43348
35781
41896
3254
21327
4308
61754
24871
50140
41812
55677
3245
31460
25035
41326
277
11956
61317
57686
36810
58232
46080
22300
47447
47120
1891
41175
34885
28408
48007
41752
38987
51020
18112
42241
6811
55186
5691
64448
39790
47502
54589
10266
46193
46856
18824
46469
26043
14605
5851
30085
40068
