65532
65367
65365
65351
65333
65332
65332
65286
65286
65237
65235
65201
65179
65165
65157
65151
65134
65116
65069
65040
65006
64966
64966
64957
64926
64914
64877
64854
64842
64774
64762
64731
64680
64656
64541
64539
64528
64506
64480
64477
64435
64414
64408
64389
64351
64273
64261
64204
64130
64085
64012
64006
63932
63860
63839
63761
63725
63621
63598
63590
63556
63439
63337
63331
63312
63279
63262
63222
63164
63134
63133
63129
63101
63031
62994
62991
62857
62818
62789
62784
62771
62725
62686
62593
62584
62580
62515
62478
62476
62465
62382
62311
62302
62266
62203
62185
62168
62166
62153
62040
62033
61975
61940
61924
61887
61859
61773
61752
61736
61706
61693
61622
61606
61595
61591
61486
61446
61380
61376
61326
61306
61215
61176
61176
61145
61137
61133
61117
61080
61044
60956
60940
60878
60871
60857
60730
60707
60700
60699
60693
60691
60681
60580
60524
60494
60459
60445
60425
60369
60359
60298
60294
60287
60228
60201
60173
60160
60157
60101
60097
60012
60012
59982
59953
59927
59923
59879
59848
59772
59767
59730
59726
59691
59665
59643
59597
59588
59582
59559
59544
59464
59461
59305
59240
59234
59200
59190
59153
59151
59147
59104
59093
59092
59039
59035
59030
58941
58937
58881
58869
58803
58760
58747
58741
58689
58552
58528
58525
58507
58486
58480
58433
58360
58333
58302
58296
58246
58227
58225
58209
58206
58178
58165
58126
58099
58056
58036
58023
57973
57953
57932
57914
57890
57880
57879
57855
57854
57833
57791
57788
57621
57543
57496
57492
57479
57456
57424
57376
57348
57283
57282
57249
57166
57139
57137
57106
57097
57089
57022
57016
56981
56957
56938
56875
56873
56831
56801
56797
56793
56785
56778
56733
56732
56695
56682
56579
56578
56575
56568
56468
56451
56320
56287
56278
56216
56211
56197
56194
56187
56135
56094
55893
55817
55730
55634
55630
55629
55572
55532
55528
55448
55440
55428
55370
55369
55352
55346
55310
55276
55261
55230
55212
55122
54999
54978
54934
54915
54787
54775
54744
54694
54685
54632
54629
54563
54550
54525
54502
54467
54457
54418
54409
54406
54390
54380
54373
54314
54299
54283
54278
54174
54047
54026
54006
53984
53971
53936
53888
53867
53797
53786
53781
53733
53724
53639
53568
53548
53510
53487
53406
53367
53364
53339
53331
53324
53274
53258
53177
53171
53151
53098
53077
53028
52999
52980
52954
52953
52848
52838
52823
52780
52744
52715
52693
52571
52566
52564
52504
52485
52455
52271
52271
52225
52203
52145
52125
52097
52052
52048
51897
51896
51820
51814
51796
51788
51776
51770
51757
51753
51745
51734
51729
51698
51670
51627
51626
51625
51614
51559
51553
51450
51402
51379
51378
51371
51365
51364
51305
51297
51288
51263
51255
51246
51215
51212
51187
51160
51156
51120
51095
51069
51066
51052
51023
50970
50947
50891
50889
50862
50781
50736
50719
50717
50640
50637
50601
50551
50545
50479
50455
50401
50390
50266
50241
50196
50169
50137
50062
50046
50031
49979
49891
49827
49822
49817
49801
49780
49779
49765
49647
49635
49625
49605
49581
49521
49517
49511
49506
49375
49292
49268
49245
49212
49186
49180
49178
49151
49141
49121
49103
49040
49030
48967
48950
48888
48846
48837
48829
48730
48691
48691
48681
48620
48580
48500
48478
48398
48393
48373
48343
48322
48253
48250
48203
48200
48179
48106
48068
48041
48019
47889
47835
47790
47741
47726
47658
47650
47636
47586
47582
47530
47432
47347
47344
47283
47265
47223
47167
47164
47134
47127
47082
47056
47036
47013
47008
47007
47003
46991
46885
46778
46751
46718
46636
46636
46623
46617
46579
46550
46535
46513
46463
46461
46450
46422
46350
46263
46252
46208
46204
46200
46167
46143
46123
46093
45945
45927
45853
45829
45828
45797
45792
45790
45788
45774
45656
45573
45570
45486
45462
45457
45455
45412
45368
45322
45321
45294
45140
45118
45107
45054
45038
44971
44963
44909
44891
44888
44816
44805
44760
44728
44705
44692
44691
44644
44531
44497
44484
44482
44462
44446
44425
44424
44385
44347
44320
44300
44248
44210
44202
44105
44099
44082
44075
44035
44019
43994
43983
43952
43946
43873
43872
43848
43829
43787
43764
43751
43672
43624
43587
43571
43569
43533
43516
43514
43497
43488
43483
43466
43429
43392
43290
43274
43196
43186
43159
43109
43042
43010
42984
42978
42974
42959
42944
42937
42912
42911
42891
42867
42828
42826
42806
42717
42703
42695
42649
42627
42576
42528
42465
42451
42341
42325
42251
42236
42235
42170
42164
42152
42064
42063
42050
41810
41780
41753
41746
41692
41644
41572
41512
41507
41417
41320
41313
41312
41271
41268
41216
41189
41120
41112
41102
41086
41053
41048
40989
40961
40946
40831
40741
40739
40653
40632
40625
40599
40550
40513
40510
40453
40449
40376
40309
40287
40246
40201
40193
40188
40163
40152
40099
40080
40054
40054
40029
39979
39946
39938
39895
39828
39817
39758
39753
39735
39733
39716
39689
39669
39623
39463
39384
39358
39333
39292
39224
39133
39066
39036
38999
38981
38972
38970
38964
38955
38953
38934
38930
38915
38909
38873
38854
38821
38767
38687
38654
38608
38588
38483
38472
38454
38444
38419
38376
38353
38348
38267
38219
38210
38169
38152
38138
38122
38120
38042
38015
37978
37953
37929
37892
37891
37866
37791
37720
37719
37709
37642
37630
37628
37627
37621
37607
37594
37585
37579
37569
37562
37549
37547
37445
37378
37278
37276
37271
37259
37257
37230
37215
37174
37161
37127
36916
36873
36835
36803
36792
36763
36711
36705
36647
36617
36599
36590
36571
36571
36548
36527
36519
36348
36332
36283
36265
36222
36072
36070
36045
36031
36028
36011
35991
35973
35972
35965
35965
35957
35936
35902
35900
35878
35868
35864
35796
35793
35779
35756
35699
35576
35504
35454
35444
35444
35422
35419
35397
35355
35331
35282
35274
35162
35158
35137
35119
35004
34989
34973
34853
34812
34803
34763
34752
34750
34679
34670
34649
34625
34520
34506
34436
34336
34322
34300
34211
34205
34148
33876
33837
33833
33829
33818
33764
33743
33707
33630
33601
33600
33589
33587
33564
33557
33554
33512
33500
33453
33435
33435
33427
33391
33345
33323
33284
33278
33265
33231
33230
33223
33221
33181
33173
33115
33048
33028
32969
32911
32886
32869
32850
32841
32780
32734
32718
32702
32643
32602
32566
32503
32463
32447
32446
32442
32418
32334
32268
32258
32162
32126
32123
32048
32016
32006
31980
31898
31882
31862
31814
31794
31763
31752
31751
31743
31735
31713
31635
31615
31573
31568
31553
31524
31504
31489
31447
31410
31358
31290
31273
31271
31268
31175
31154
31150
31149
31129
31107
31105
31063
31015
30990
30968
30956
30937
30909
30889
30842
30813
30808
30754
30735
30734
30729
30711
30692
30667
30665
30661
30654
30610
30606
30534
30471
30429
30414
30396
30387
30368
30286
30275
30222
30203
29965
29955
29949
29949
29944
29902
29900
29797
29773
29761
29755
29742
29705
29683
29675
29672
29665
29625
29620
29514
29488
29470
29444
29444
29404
29396
29263
29218
29213
29190
29162
29138
29136
29042
29035
29029
29004
28953
28878
28824
28815
28805
28765
28759
28758
28727
28710
28685
28663
28588
28526
28404
28371
28337
28329
28315
28298
28269
28262
28122
28118
28057
27992
27954
27945
27938
27905
27864
27840
27807
27806
27728
27721
27631
27623
27555
27524
27495
27471
27432
27417
27371
27355
27336
27315
27288
27274
27224
27191
27128
27119
27071
27055
27039
27036
27000
26933
26932
26919
26913
26873
26812
26804
26731
26726
26705
26695
26679
26651
26488
26422
26408
26372
26349
26309
26303
26294
26289
26240
26193
26144
26130
26079
26070
26000
25984
25887
25841
25787
25754
25739
25728
25716
25697
25681
25670
25666
25611
25549
25521
25499
25483
25457
25430
25406
25399
25329
25291
25278
25244
25232
25222
25174
25142
25134
24996
24995
24991
24975
24935
24899
24848
24820
24779
24774
24744
24742
24736
24725
24712
24711
24706
24699
24634
24569
24557
24545
24464
24437
24380
24365
24360
24327
24325
24324
24287
24271
24060
24029
24007
23991
23989
23932
23883
23824
23818
23811
23796
23779
23751
23721
23717
23689
23667
23665
23656
23511
23502
23478
23478
23464
23446
23426
23380
23376
23369
23363
23353
23336
23319
23317
23265
23211
23182
23160
23109
23102
23097
23049
23042
22968
22967
22898
22891
22847
22836
22825
22823
22783
22775
22760
22724
22703
22679
22641
22618
22582
22562
22549
22544
22539
22537
22530
22496
22480
22480
22455
22356
22350
22298
22247
22211
22174
22085
22052
22050
22016
21981
21966
21939
21907
21893
21878
21858
21855
21846
21828
21823
21774
21735
21704
21702
21687
21682
21672
21651
21630
21618
21573
21520
21490
21297
21291
21269
21210
21198
21136
21096
21084
21062
21053
21034
21008
20927
20920
20889
20883
20763
20676
20675
20670
20649
20605
20585
20557
20544
20523
20465
20429
20424
20413
20411
20383
20379
20354
20320
20280
20269
20207
20206
20197
20162
20150
20043
20017
20003
19952
19904
19903
19888
19884
19842
19834
19778
19730
19726
19714
19681
19671
19658
19617
19593
19562
19539
19513
19506
19475
19423
19405
19389
19370
19360
19347
19309
19306
19145
19141
19102
19076
19064
19063
19051
19008
18856
18816
18725
18723
18708
18693
18634
18595
18571
18550
18524
18467
18459
18391
18380
18379
18348
18305
18285
18250
18247
18233
18231
18190
18187
18177
18173
18114
17950
17928
17925
17916
17879
17846
17788
17753
17731
17712
17674
17671
17639
17534
17518
17511
17431
17425
17420
17392
17332
17301
17229
17226
17207
17189
17112
17091
17085
17083
17082
17042
17030
17020
17002
16985
16983
16967
16908
16878
16803
16785
16773
16727
16710
16688
16661
16657
16624
16621
16605
16506
16505
16492
16393
16393
16384
16353
16304
16281
16273
16245
16241
16233
16164
16109
16018
15961
15901
15818
15814
15755
15734
15695
15665
15550
15544
15527
15471
15406
15403
15361
15356
15346
15336
15279
15218
15206
15206
15191
15041
14961
14935
14931
14931
14891
14855
14854
14847
14841
14813
14760
14734
14700
14699
14688
14669
14547
14506
14487
14444
14413
14402
14366
14339
14315
14304
14303
14289
14288
14263
14254
14222
14190
14183
14170
14158
14118
14052
14048
14041
13995
13966
13958
13953
13933
13905
13896
13836
13832
13831
13809
13795
13773
13768
13752
13705
13644
13637
13594
13569
13499
13484
13428
13415
13343
13326
13326
13269
13244
13205
13161
13139
13078
13074
13073
13026
13023
12957
12763
12717
12686
12653
12597
12533
12525
12516
12500
12490
12476
12379
12378
12367
12349
12307
12241
12223
12205
12158
12035
12012
12008
12006
11896
11876
11820
11789
11761
11708
11690
11669
11663
11642
11630
11609
11605
11582
11471
11433
11400
11317
11294
11294
11286
11218
11217
11184
11147
11109
11083
11034
11033
11026
10908
10867
10851
10815
10814
10814
10801
10764
10758
10734
10664
10658
10644
10623
10574
10555
10522
10509
10465
10448
10409
10381
10338
10323
10269
10227
10178
10120
10096
10063
10034
9966
9917
9852
9819
9799
9748
9688
9670
9572
9568
9560
9486
9467
9436
9431
9407
9322
9286
9275
9204
9195
9160
9078
9065
9052
9034
8974
8967
8853
8841
8771
8689
8660
8647
8590
8573
8512
8459
8458
8442
8435
8425
8394
8343
8342
8341
8339
8316
8284
8263
8201
8182
8163
8099
8096
8082
8027
8022
8008
7945
7922
7870
7855
7810
7738
7708
7698
7658
7634
7631
7600
7417
7411
7388
7367
7363
7327
7312
7288
7280
7241
7195
7192
7183
7155
7152
7139
7102
7049
7031
7029
6970
6890
6873
6861
6842
6822
6795
6777
6652
6635
6620
6617
6578
6498
6489
6479
6463
6462
6260
6248
6226
6220
6188
6163
6102
6086
6086
6020
6000
5899
5898
5882
5866
5847
5789
5730
5728
5696
5696
5652
5634
5582
5564
5532
5527
5504
5475
5472
5442
5423
5401
5337
5297
5253
5180
5142
5127
5095
5088
5088
5077
5000
4986
4876
4828
4823
4794
4779
4759
4703
4659
4646
4625
4578
4576
4508
4490
4401
4358
4311
4307
4287
4215
4192
4136
4124
4108
3889
3879
3867
3858
3840
3834
3796
3785
3716
3698
3640
3627
3564
3483
3479
3426
3395
3350
3311
3300
3248
3228
3166
3165
3151
3147
3142
3127
3121
3118
3116
3107
3016
3004
2990
2972
2817
2791
2771
2757
2745
2737
2726
2722
2694
2631
2562
2561
2555
2549
2536
2479
2475
2455
2418
2331
2315
2303
2292
2256
2230
2199
2169
2162
2133
2106
2105
2098
2035
1982
1876
1865
1818
1812
1778
1750
1749
1684
1678
1676
1673
1638
1597
1586
1559
1490
1466
1461
1439
1386
1383
1368
1356
1340
1316
1287
1268
1266
1236
1219
1217
1216
1187
1156
1124
1084
1082
1077
1033
983
978
975
965
961
939
932
905
835
826
775
726
721
679
663
657
655
626
556
483
466
453
387
362
318
191
139
137
89
77
10
