65519
65516
65502
65501
65491
65486
65465
65446
65445
65431
65423
65415
65393
65390
65387
65383
65381
65375
65359
65354
65350
65346
65334
65319
65313
65303
65297
65286
65268
65268
65266
65253
65211
65210
65207
65201
65200
65186
65170
65169
65166
65161
65161
65150
65121
65104
65100
65099
65098
65096
65091
65080
65066
65039
65036
65025
65009
65009
65003
64992
64973
64967
64940
64938
64935
64934
64929
64929
64927
64924
64921
64916
64913
64909
64899
64880
64869
64860
64857
64848
64841
64835
64832
64820
64813
64805
64791
64789
64785
64781
64780
64776
64772
64772
64764
64752
64739
64724
64723
64691
64680
64671
64665
64656
64624
64618
64611
64610
64600
64596
64594
64590
64577
64565
64555
64519
64509
64508
64495
64494
64489
64471
64466
64454
64453
64416
64402
64397
64387
64387
64365
64364
64360
64360
64344
64342
64321
64315
64314
64311
64310
64292
64290
64282
64280
64279
64275
64249
64244
64224
64204
64197
64194
64189
64175
64170
64167
64159
64150
64147
64143
64141
64141
64138
64129
64126
64117
64101
64100
64096
64092
64070
64058
64056
64049
64032
64026
64019
64005
64002
64000
63996
63996
63991
63975
63968
63965
63949
63943
63940
63937
63904
63902
63899
63894
63894
63878
63873
63864
63853
63847
63847
63832
63829
63829
63825
63811
63803
63800
63798
63791
63781
63779
63778
63761
63761
63755
63744
63740
63713
63712
63710
63703
63700
63686
63681
63672
63653
63645
63643
63638
63635
63634
63627
63624
63617
63567
63563
63549
63537
63529
63526
63524
63520
63515
63504
63503
63486
63470
63465
63459
63456
63455
63449
63446
63444
63435
63434
63415
63411
63397
63393
63382
63356
63353
63342
63340
63334
63332
63329
63328
63315
63313
63311
63307
63286
63280
63269
63265
63261
63251
63247
63233
63214
63209
63187
63182
63179
63173
63146
63141
63141
63124
63114
63111
63102
63101
63080
63068
63066
63055
63046
63046
63038
63036
63025
63024
63019
63019
63018
62980
62977
62969
62967
62957
62953
62951
62945
62944
62938
62932
62931
62930
62925
62912
62884
62867
62859
62828
62822
62822
62809
62808
62802
62800
62789
62776
62774
62757
62754
62751
62747
62741
62718
62716
62704
62688
62686
62663
62658
62641
62636
62633
62622
62612
62605
62592
62583
62580
62563
62561
62551
62546
62538
62526
62524
62513
62513
62512
62511
62473
62469
62467
62464
62464
62463
62456
62454
62437
62436
62436
62420
62417
62415
62413
62407
62378
62363
62360
62356
62354
62348
62347
62346
62329
62328
62324
62323
62307
62299
62295
62293
62283
62280
62273
62269
62266
62262
62243
62243
62242
62239
62219
62208
62205
62202
62182
62161
62154
62151
62136
62134
62120
62116
62111
62105
62105
62105
62094
62085
62084
62079
62074
62070
62054
62041
62005
62000
61995
61990
61978
61954
61950
61945
61942
61935
61934
61933
61931
61929
61916
61910
61905
61902
61900
61896
61893
61882
61868
61865
61860
61829
61825
61813
61805
61793
61785
61774
61770
61765
61747
61705
61705
61697
61695
61693
61684
61667
61647
61644
61638
61637
61618
61612
61604
61603
61597
61589
61576
61573
61573
61568
61535
61528
61519
61513
61510
61509
61509
61507
61506
61502
61499
61487
61487
61485
61485
61484
61481
61472
61470
61462
61447
61432
61422
61410
61407
61403
61403
61402
61394
61389
61386
61379
61377
61373
61356
61346
61330
61329
61327
61313
61308
61289
61277
61267
61251
61242
61231
61226
61219
61211
61206
61195
61187
61172
61172
61158
61157
61143
61142
61137
61134
61120
61108
61103
61102
61101
61095
61086
61060
61058
61032
61032
61024
61023
61018
61015
61012
61008
61006
61006
61003
60988
60973
60966
60959
60944
60940
60940
60926
60911
60889
60884
60873
60868
60866
60865
60857
60855
60840
60835
60820
60815
60811
60797
60796
60780
60777
60772
60763
60762
60751
60707
60705
60703
60703
60696
60682
60680
60670
60664
60616
60615
60602
60582
60572
60561
60560
60552
60551
60548
60547
60522
60501
60498
60487
60474
60474
60472
60469
60459
60452
60430
60430
60427
60423
60405
60388
60385
60383
60373
60370
60365
60363
60360
60356
60347
60326
60321
60308
60285
60282
60276
60266
60266
60259
60236
60228
60224
60210
60204
60197
60197
60176
60169
60161
60157
60155
60147
60131
60091
60091
60089
60086
60081
60078
60074
60060
60047
60030
60000
59991
59986
59971
59969
59968
59963
59962
59942
59940
59933
59929
59928
59923
59899
59890
59852
59848
59834
59828
59825
59811
59803
59794
59784
59780
59765
59758
59756
59735
59727
59724
59721
59720
59700
59689
59677
59671
59662
59659
59626
59625
59610
59594
59586
59578
59559
59558
59542
59537
59520
59516
59514
59506
59463
59450
59446
59436
59430
59422
59421
59414
59406
59396
59382
59378
59371
59364
59359
59343
59330
59327
59324
59315
59312
59306
59301
59295
59288
59278
59267
59260
59258
59254
59239
59237
59233
59229
59213
59209
59202
59190
59167
59165
59160
59160
59160
59150
59144
59134
59126
59117
59099
59099
59084
59080
59069
59062
59056
59054
59046
59029
59019
59018
59017
59009
58989
58987
58979
58962
58960
58958
58955
58953
58949
58937
58936
58929
58924
58906
58906
58906
58900
58885
58871
58862
58846
58846
58839
58816
58816
58815
58785
58784
58783
58780
58776
58773
58769
58758
58757
58754
58735
58727
58721
58720
58718
58713
58701
58699
58699
58688
58671
58670
58663
58652
58649
58643
58624
58620
58618
58613
58609
58603
58594
58581
58557
58555
58550
58547
58542
58531
58530
58529
58520
58516
58513
58501
58501
58487
58485
58468
58446
58443
58438
58418
58392
58389
58389
58372
58369
58357
58345
58343
58304
58286
58285
58279
58259
58257
58252
58208
58206
58202
58201
58197
58177
58174
58158
58138
58136
58130
58128
58111
58081
58078
58076
58076
58073
58073
58073
58067
58061
58040
58028
58023
58020
58012
58010
58004
57992
57967
57938
57922
57914
57911
57911
57907
57900
57899
57897
57897
57895
57886
57875
57870
57866
57848
57847
57845
57842
57840
57837
57828
57828
57827
57799
57791
57789
57784
57755
57749
57748
57747
57737
57732
57731
57727
57720
57709
57703
57699
57683
57673
57666
57665
57651
57641
57632
57629
57628
57607
57604
57564
57559
57546
57543
57525
57520
57501
57497
57494
57469
57459
57456
57451
57439
57429
57424
57420
57408
57404
57402
57382
57360
57357
57338
57315
57308
57305
57299
57297
57295
57295
57285
57284
57274
57272
57271
57258
57229
57205
57197
57180
57177
57176
57165
57164
57163
57162
57162
57153
57153
57135
57134
57128
57107
57106
57104
57094
57083
57076
57062
57053
57048
57047
57038
57036
57029
57023
57015
57001
56999
56995
56992
56985
56980
56974
56971
56968
56963
56953
56938
56933
56927
56919
56918
56918
56917
56906
56899
56897
56894
56893
56893
56892
56882
56880
56874
56868
56867
56858
56835
56834
56823
56822
56820
56819
56816
56800
56797
56796
56761
56750
56747
56742
56723
56722
56706
56705
56703
56682
56679
56651
56615
56606
56603
56602
56599
56594
56593
56583
56574
56564
56560
56559
56554
56549
56542
56510
56509
56508
56507
56503
56489
56476
56453
56451
56442
56433
56425
56414
56402
56377
56370
56363
56361
56353
56341
56335
56334
56329
56329
56329
56322
56314
56311
56299
56279
56278
56278
56271
56266
56262
56256
56253
56250
56248
56233
56231
56230
56222
56210
56207
56177
56170
56169
56157
56150
56148
56140
56133
56126
56125
56121
56119
56085
56078
56065
56063
56054
56042
56036
56028
56003
55998
55995
55969
55963
55962
55942
55941
55940
55933
55933
55922
55920
55906
55895
55881
55870
55869
55863
55859
55857
55855
55848
55831
55825
55820
55804
55796
55780
55755
55750
55739
55735
55729
55721
55719
55719
55696
55670
55654
55650
55629
55622
55616
55602
55591
55584
55571
55564
55555
55546
55544
55543
55540
55529
55527
55525
55499
55485
55484
55481
55470
55461
55430
55429
55427
55426
55415
55403
55400
55397
55395
55366
55362
55361
55352
55351
55344
55339
55336
55331
55322
55315
55306
55295
55286
55279
55274
55257
55232
55225
55225
55215
55213
55200
55199
55198
55174
55171
55168
55141
55140
55138
55128
55126
55124
55118
55118
55112
55111
55092
55088
55063
55049
55042
55015
55013
55012
55012
55009
54965
54960
54950
54936
54936
54920
54914
54906
54887
54887
54886
54883
54882
54860
54852
54842
54840
54833
54818
54802
54778
54777
54774
54771
54764
54760
54753
54739
54736
54724
54718
54704
54702
54702
54695
54690
54690
54681
54674
54664
54651
54648
54643
54625
54616
54615
54612
54608
54597
54585
54581
54574
54569
54569
54565
54555
54553
54553
54550
54548
54540
54539
54539
54538
54521
54514
54513
54512
54511
54507
54497
54492
54492
54486
54485
54479
54479
54476
54475
54453
54453
54452
54450
54444
54437
54434
54433
54431
54418
54412
54396
54390
54386
54376
54375
54367
54359
54356
54335
54326
54325
54321
54314
54312
54305
54299
54292
54267
54265
54261
54257
54255
54254
54252
54234
54233
54232
54230
54229
54223
54212
54211
54210
54204
54202
54200
54192
54192
54190
54164
54150
54144
54141
54141
54137
54135
54107
54106
54106
54085
54074
54030
54029
54028
53988
53980
53960
53957
53954
53942
53929
53927
53924
53884
53883
53874
53872
53871
53868
53847
53843
53834
53833
53816
53808
53806
53805
53803
53801
53786
53776
53756
53756
53745
53740
53734
53726
53711
53700
53664
53662
53636
53630
53629
53626
53617
53617
53606
53600
53593
53585
53581
53578
53576
53568
53564
53560
53555
53554
53553
53548
53539
53525
53524
53488
53466
53457
53447
53446
53440
53438
53434
53422
53419
53419
53410
53397
53382
53348
53342
53328
53312
53311
53302
53297
53292
53278
53275
53269
53262
53259
53258
53255
53250
53248
53241
53241
53240
53234
53233
53225
53199
53198
53189
53188
53186
53171
53164
53161
53160
53148
53139
53134
53131
53113
53113
53101
53089
53086
53083
53066
53060
53059
53050
53049
53044
53038
53029
53012
53009
52958
52955
52954
52949
52947
52931
52917
52909
52899
52889
52872
52872
52864
52847
52844
52817
52816
52809
52797
52780
52770
52759
52750
52738
52728
52716
52710
52698
52695
52685
52659
52657
52632
52627
52621
52617
52617
52613
52605
52558
52546
52539
52533
52522
52522
52519
52518
52508
52504
52502
52455
52445
52444
52436
52430
52418
52418
52417
52402
52401
52391
52389
52386
52373
52372
52371
52342
52341
52336
52333
52329
52321
52307
52300
52288
52277
52260
52256
52256
52254
52254
52245
52244
52216
52212
52198
52198
52195
52190
52188
52185
52158
52147
52143
52126
52122
52120
52113
52108
52106
52100
52092
52087
52083
52074
52059
52045
52013
52010
52000
51994
51986
51984
51976
51972
51971
51966
51962
51959
51952
51936
51929
51926
51923
51923
51920
51918
51907
51877
51855
51854
51841
51841
51826
51816
51814
51814
51811
51807
51802
51786
51771
51769
51769
51765
51760
51726
51720
51719
51716
51712
51710
51709
51702
51695
51690
51684
51671
51659
51658
51654
51651
51644
51631
51628
51620
51614
51600
51598
51597
51593
51577
51575
51557
51550
51546
51534
51531
51522
51521
51513
51478
51469
51468
51455
51451
51437
51437
51434
51434
51414
51411
51395
51375
51372
51372
51368
51364
51350
51342
51317
51282
51275
51270
51259
51245
51242
51233
51228
51224
51218
51211
51195
51177
51176
51154
51152
51130
51110
51110
51110
51095
51090
51087
51078
51077
51076
51073
51064
51045
50999
50998
50996
50989
50987
50986
50980
50977
50975
50975
50972
50969
50958
50946
50935
50915
50914
50911
50902
50887
50881
50880
50877
50868
50864
50863
50828
50811
50810
50809
50808
50794
50787
50781
50763
50762
50759
50755
50750
50749
50747
50740
50715
50715
50707
50702
50696
50694
50689
50684
50672
50667
50666
50642
50641
50639
50635
50602
50592
50590
50585
50582
50577
50572
50568
50563
50562
50558
50542
50518
50500
50498
50461
50455
50452
50450
50448
50445
50437
50434
50426
50426
50404
50401
50396
50379
50376
50370
50352
50343
50327
50325
50316
50303
50293
50259
50252
50245
50229
50227
50221
50220
50215
50204
50180
50179
50178
50175
50169
50156
50155
50155
50151
50149
50131
50118
50114
50089
50089
50083
50082
50062
50061
50058
50051
50044
50036
50023
50021
50020
50014
49992
49991
49976
49974
49955
49945
49942
49938
49938
49918
49916
49915
49906
49898
49887
49880
49878
49867
49861
49854
49850
49836
49818
49816
49812
49796
49794
49787
49783
49782
49781
49753
49733
49703
49699
49695
49690
49660
49655
49643
49642
49635
49625
49625
49620
49607
49594
49585
49566
49557
49548
49547
49547
49539
49531
49531
49524
49520
49516
49512
49512
49506
49504
49486
49468
49454
49443
49442
49439
49418
49414
49412
49412
49410
49409
49409
49408
49402
49387
49384
49376
49372
49364
49354
49352
49351
49334
49332
49329
49328
49321
49318
49310
49270
49268
49260
49251
49249
49233
49219
49205
49194
49186
49186
49185
49173
49171
49166
49137
49136
49125
49124
49108
49105
49102
49093
49076
49069
49063
49062
49053
49047
49033
49032
49030
49026
49012
49008
48997
48994
48980
48976
48974
48965
48956
48953
48946
48934
48929
48925
48893
48891
48877
48872
48852
48850
48843
48842
48825
48822
48816
48814
48813
48810
48807
48798
48794
48793
48785
48778
48772
48764
48754
48735
48734
48734
48716
48714
48696
48687
48663
48662
48649
48646
48632
48611
48609
48606
48598
48597
48591
48587
48570
48560
48545
48540
48534
48517
48476
48473
48450
48440
48432
48426
48423
48423
48408
48406
48397
48361
48338
48338
48333
48324
48308
48306
48293
48265
48262
48259
48259
48255
48244
48241
48235
48230
48228
48228
48221
48216
48215
48212
48205
48190
48178
48174
48154
48153
48126
48102
48099
48080
48076
48071
48069
48052
48049
48049
48048
48042
48032
48030
48025
48023
48019
47996
47995
47993
47991
47972
47938
47934
47928
47912
47911
47910
47900
47895
47884
47860
47829
47821
47821
47816
47815
47807
47790
47780
47778
47777
47774
47757
47757
47751
47747
47744
47743
47735
47731
47730
47719
47705
47697
47693
47685
47675
47674
47673
47672
47633
47631
47629
47629
47613
47613
47604
47604
47587
47583
47567
47560
47559
47531
47526
47519
47516
47506
47506
47502
47488
47485
47479
47477
47467
47457
47449
47439
47432
47428
47427
47409
47399
47381
47377
47375
47363
47357
47356
47354
47352
47347
47345
47328
47325
47320
47294
47261
47251
47245
47242
47239
47237
47211
47205
47199
47190
47189
47167
47154
47146
47138
47136
47130
47128
47124
47119
47109
47101
47092
47085
47084
47080
47073
47068
47061
47040
47035
47018
47016
47016
47012
47010
46995
46994
46986
46983
46978
46978
46976
46970
46950
46947
46933
46928
46911
46897
46885
46883
46877
46876
46872
46863
46861
46847
46847
46821
46811
46805
46779
46753
46743
46739
46737
46732
46722
46710
46699
46693
46687
46687
46669
46667
46666
46665
46665
46656
46654
46650
46647
46632
46621
46613
46605
46568
46565
46559
46534
46515
46514
46510
46501
46494
46481
46476
46458
46456
46454
46431
46427
46426
46425
46417
46392
46388
46378
46371
46368
46345
46343
46311
46276
46254
46218
46209
46207
46203
46200
46186
46175
46173
46165
46144
46124
46117
46115
46111
46102
46100
46093
46084
46081
46076
46061
46047
46043
46043
46039
46037
46034
46018
46015
46014
46002
46000
45998
45995
45980
45980
45979
45964
45962
45962
45959
45948
45941
45927
45922
45922
45921
45917
45894
45891
45883
45882
45870
45858
45844
45841
45826
45820
45808
45808
45805
45796
45795
45789
45787
45777
45774
45773
45770
45761
45738
45738
45731
45718
45698
45692
45658
45657
45641
45640
45638
45633
45616
45575
45566
45547
45543
45542
45539
45531
45521
45520
45517
45514
45509
45493
45492
45490
45460
45457
45457
45452
45449
45448
45442
45425
45422
45415
45411
45405
45393
45378
45371
45350
45349
45334
45326
45321
45290
45268
45265
45259
45237
45230
45222
45219
45218
45203
45170
45158
45131
45126
45120
45108
45104
45099
45095
45086
45070
45043
45025
45021
45018
45001
44994
44991
44979
44972
44966
44949
44949
44947
44933
44929
44905
44892
44885
44883
44869
44868
44865
44863
44862
44854
44847
44836
44834
44830
44829
44829
44827
44825
44821
44810
44793
44770
44767
44756
44755
44743
44742
44737
44729
44729
44728
44722
44718
44699
44693
44681
44668
44656
44649
44645
44641
44626
44623
44616
44612
44610
44609
44606
44596
44590
44587
44573
44571
44567
44561
44558
44557
44555
44555
44537
44522
44520
44517
44502
44500
44488
44484
44480
44478
44470
44467
44464
44458
44455
44454
44446
44445
44442
44441
44433
44431
44417
44413
44412
44400
44395
44389
44386
44381
44358
44358
44355
44347
44334
44308
44302
44302
44293
44280
44277
44271
44256
44232
44197
44193
44189
44186
44172
44161
44159
44158
44146
44143
44136
44136
44134
44126
44126
44118
44117
44116
44098
44090
44089
44088
44086
44070
44061
44059
44057
44055
44053
44046
44045
44025
44024
44018
44017
44007
44006
43990
43981
43971
43955
43946
43945
43938
43926
43923
43921
43918
43918
43912
43899
43891
43859
43841
43835
43833
43827
43821
43816
43804
43780
43779
43778
43742
43724
43722
43719
43709
43700
43674
43657
43648
43640
43630
43627
43626
43623
43620
43606
43596
43591
43586
43584
43581
43574
43571
43562
43555
43536
43523
43501
43497
43486
43485
43474
43468
43467
43466
43464
43460
43457
43455
43440
43436
43432
43397
43393
43391
43390
43387
43384
43379
43371
43371
43364
43363
43352
43351
43338
43316
43313
43311
43306
43303
43291
43291
43287
43266
43264
43258
43257
43250
43250
43242
43239
43238
43231
43215
43206
43182
43179
43177
43175
43172
43170
43168
43156
43151
43142
43125
43111
43106
43096
43086
43078
43071
43063
43059
43056
43030
43024
43020
43009
43007
43000
42989
42975
42970
42962
42929
42928
42909
42905
42900
42896
42878
42866
42840
42834
42834
42833
42832
42827
42809
42806
42803
42782
42774
42769
42760
42754
42747
42746
42739
42733
42729
42725
42721
42701
42696
42694
42686
42682
42681
42674
42653
42641
42635
42627
42615
42577
42573
42572
42561
42560
42560
42552
42550
42526
42506
42496
42495
42482
42470
42459
42453
42444
42436
42430
42426
42424
42420
42419
42415
42408
42405
42382
42367
42352
42349
42342
42332
42313
42309
42307
42289
42286
42274
42272
42264
42262
42261
42243
42228
42228
42212
42208
42201
42195
42190
42189
42183
42172
42171
42162
42160
42158
42151
42146
42144
42143
42140
42124
42111
42097
42094
42091
42085
42084
42081
42077
42052
42052
42050
42044
42042
42034
42024
42009
41991
41990
41987
41981
41978
41978
41975
41967
41962
41956
41951
41941
41937
41919
41915
41909
41904
41899
41891
41888
41888
41876
41867
41864
41859
41840
41787
41785
41777
41776
41770
41758
41757
41723
41714
41696
41679
41671
41670
41665
41655
41637
41627
41623
41623
41591
41575
41570
41569
41557
41556
41552
41520
41516
41494
41488
41474
41464
41462
41452
41435
41423
41419
41419
41417
41412
41411
41408
41388
41381
41371
41360
41356
41355
41355
41350
41342
41330
41329
41328
41324
41320
41319
41312
41299
41291
41272
41271
41250
41223
41211
41195
41195
41157
41144
41138
41137
41132
41126
41116
41112
41111
41111
41104
41102
41096
41088
41088
41084
41076
41058
41045
41029
41027
41021
41018
41016
41002
40994
40987
40985
40967
40964
40952
40926
40907
40905
40905
40904
40892
40887
40874
40848
40840
40834
40826
40811
40802
40800
40792
40791
40782
40782
40765
40758
40755
40753
40752
40737
40727
40726
40716
40694
40692
40686
40673
40666
40653
40652
40646
40643
40643
40642
40634
40620
40611
40597
40596
40581
40571
40569
40568
40568
40562
40553
40551
40515
40505
40498
40494
40494
40474
40473
40468
40462
40454
40454
40451
40441
40437
40428
40428
40423
40419
40413
40372
40369
40367
40362
40347
40337
40315
40314
40313
40292
40285
40283
40247
40228
40226
40219
40212
40204
40195
40159
40156
40151
40131
40127
40108
40105
40092
40091
40083
40066
40055
40055
40036
40031
40027
40026
40020
40003
40000
39998
39994
39988
39986
39980
39979
39974
39972
39957
39956
39942
39941
39941
39934
39922
39922
39920
39912
39906
39905
39882
39863
39861
39850
39847
39845
39844
39838
39834
39830
39826
39824
39816
39814
39801
39794
39793
39787
39787
39735
39733
39718
39718
39712
39701
39695
39678
39674
39658
39649
39632
39601
39586
39580
39579
39579
39560
39538
39530
39527
39512
39506
39474
39472
39471
39470
39463
39458
39432
39424
39418
39416
39411
39408
39379
39376
39347
39333
39324
39320
39318
39312
39305
39303
39300
39297
39290
39280
39279
39277
39271
39261
39234
39227
39215
39214
39211
39211
39188
39185
39155
39109
39087
39078
39062
39056
39053
39045
39037
39022
39020
38992
38990
38966
38961
38943
38922
38917
38916
38908
38897
38882
38879
38842
38830
38819
38810
38798
38798
38779
38778
38775
38752
38750
38748
38732
38719
38719
38716
38713
38711
38705
38688
38652
38628
38623
38589
38588
38587
38586
38582
38569
38557
38545
38531
38530
38521
38517
38473
38458
38447
38445
38438
38435
38427
38426
38409
38403
38393
38385
38380
38378
38367
38365
38363
38355
38352
38300
38298
38287
38265
38263
38263
38260
38257
38251
38247
38236
38227
38223
38222
38212
38198
38193
38179
38178
38172
38169
38160
38139
38131
38110
38110
38097
38092
38092
38088
38068
38065
38062
38056
38025
38021
38020
38017
38006
38006
37999
37992
37984
37976
37967
37960
37958
37949
37941
37932
37931
37930
37930
37922
37921
37920
37912
37912
37910
37889
37886
37880
37880
37878
37860
37857
37838
37803
37794
37792
37788
37787
37782
37777
37770
37761
37755
37752
37750
37741
37739
37736
37734
37720
37720
37710
37697
37686
37666
37636
37635
37628
37617
37616
37582
37579
37575
37573
37572
37570
37561
37547
37535
37521
37511
37503
37502
37488
37487
37483
37481
37477
37471
37468
37468
37462
37451
37449
37446
37443
37437
37435
37416
37405
37405
37393
37383
37380
37378
37362
37361
37344
37333
37326
37319
37318
37317
37316
37315
37309
37302
37295
37288
37288
37271
37264
37250
37249
37243
37239
37235
37220
37199
37192
37187
37181
37142
37137
37136
37119
37115
37112
37107
37103
37100
37097
37091
37085
37075
37074
37070
37062
37039
37035
37034
37023
37021
37020
37012
37009
37007
36984
36980
36948
36932
36929
36913
36894
36890
36874
36873
36869
36869
36862
36859
36849
36845
36828
36821
36818
36811
36779
36778
36754
36754
36737
36735
36702
36702
36697
36668
36667
36650
36624
36624
36622
36614
36593
36592
36575
36574
36567
36547
36535
36526
36513
36513
36512
36510
36501
36489
36485
36484
36483
36483
36477
36477
36476
36474
36453
36408
36407
36398
36387
36383
36349
36347
36347
36343
36342
36334
36323
36320
36316
36308
36293
36275
36255
36251
36243
36238
36236
36218
36208
36206
36184
36178
36177
36177
36174
36172
36166
36162
36136
36102
36084
36072
36072
36069
36065
36061
36059
36057
36057
36051
36046
36031
36030
36029
36021
36014
36002
36000
35996
35975
35959
35954
35947
35924
35915
35899
35893
35890
35889
35859
35853
35841
35833
35829
35810
35808
35800
35775
35759
35757
35754
35735
35734
35734
35713
35707
35702
35688
35683
35681
35677
35666
35665
35657
35652
35631
35615
35608
35607
35599
35596
35595
35577
35576
35574
35563
35553
35523
35515
35504
35498
35493
35488
35486
35485
35476
35470
35464
35454
35448
35447
35445
35443
35442
35430
35417
35416
35413
35408
35401
35400
35400
35395
35372
35372
35368
35358
35355
35347
35328
35320
35318
35296
35288
35283
35278
35275
35275
35272
35253
35232
35220
35218
35211
35209
35203
35202
35202
35202
35200
35187
35182
35178
35177
35150
35141
35126
35120
35115
35100
35096
35087
35085
35053
35053
35040
35036
35024
35021
35020
35010
35005
34990
34983
34983
34982
34975
34973
34969
34965
34947
34942
34942
34941
34938
34929
34926
34924
34913
34906
34903
34896
34894
34892
34881
34863
34845
34835
34809
34805
34795
34793
34792
34791
34775
34768
34762
34758
34756
34756
34752
34740
34737
34734
34730
34716
34708
34686
34679
34672
34670
34664
34661
34660
34658
34652
34644
34636
34629
34627
34617
34609
34605
34585
34566
34540
34539
34534
34531
34530
34520
34513
34508
34496
34484
34475
34465
34465
34462
34453
34443
34433
34419
34416
34375
34368
34361
34360
34356
34344
34344
34343
34342
34341
34338
34330
34312
34304
34294
34293
34284
34273
34271
34259
34254
34252
34227
34223
34213
34204
34188
34178
34169
34163
34160
34127
34112
34105
34103
34091
34082
34081
34075
34073
34072
34055
34054
34025
34021
33976
33974
33960
33952
33945
33936
33933
33916
33916
33908
33906
33895
33886
33884
33861
33854
33853
33851
33844
33842
33839
33838
33815
33810
33800
33792
33784
33779
33764
33761
33750
33741
33740
33736
33735
33732
33729
33717
33715
33705
33696
33693
33681
33678
33676
33644
33636
33625
33625
33625
33619
33616
33606
33594
33590
33588
33585
33580
33580
33566
33549
33548
33545
33545
33533
33531
33528
33527
33523
33517
33515
33515
33512
33495
33493
33474
33460
33455
33450
33447
33445
33443
33442
33411
33406
33364
33342
33338
33336
33317
33317
33315
33304
33303
33294
33279
33274
33270
33267
33264
33244
33232
33229
33220
33217
33216
33200
33150
33144
33143
33142
33136
33132
33128
33108
33101
33099
33095
33087
33079
33069
33069
33068
33064
33062
33059
33048
33032
33031
33029
33027
33018
32999
32997
32990
32989
32963
32960
32953
32942
32939
32923
32913
32911
32900
32892
32882
32874
32869
32847
32831
32830
32821
32818
32816
32806
32803
32803
32797
32781
32745
32744
32741
32734
32730
32722
32704
32699
32697
32693
32677
32672
32647
32642
32632
32625
32609
32609
32607
32607
32588
32581
32552
32550
32550
32546
32545
32537
32537
32534
32525
32520
32519
32514
32512
32511
32510
32507
32498
32483
32482
32479
32461
32454
32431
32426
32425
32410
32398
32369
32359
32359
32348
32346
32343
32341
32326
32311
32292
32282
32279
32278
32276
32266
32264
32254
32249
32244
32241
32241
32230
32219
32212
32201
32179
32172
32171
32171
32164
32130
32128
32124
32123
32119
32118
32095
32075
32061
32039
32017
32017
32006
32005
31995
31971
31965
31948
31947
31945
31915
31898
31895
31885
31885
31875
31872
31851
31851
31842
31840
31840
31840
31836
31833
31821
31788
31784
31783
31767
31761
31759
31715
31713
31707
31695
31683
31682
31681
31673
31671
31664
31650
31648
31639
31632
31631
31617
31611
31607
31604
31593
31578
31577
31576
31566
31543
31541
31531
31528
31517
31509
31508
31505
31501
31497
31490
31470
31465
31464
31463
31461
31457
31452
31451
31436
31405
31388
31382
31382
31380
31377
31369
31364
31356
31353
31352
31344
31341
31318
31314
31313
31304
31302
31282
31277
31277
31274
31270
31267
31262
31256
31255
31251
31250
31242
31241
31232
31230
31228
31217
31215
31207
31195
31194
31175
31145
31142
31137
31129
31129
31125
31121
31116
31092
31086
31081
31079
31064
31060
31046
31040
31030
31028
31014
31006
31002
30986
30986
30985
30962
30952
30949
30947
30942
30938
30925
30919
30906
30905
30885
30881
30869
30835
30831
30824
30816
30815
30803
30784
30783
30769
30761
30758
30757
30756
30753
30740
30736
30724
30721
30696
30689
30683
30667
30661
30656
30649
30630
30622
30618
30601
30594
30591
30589
30587
30577
30573
30572
30570
30550
30549
30542
30533
30526
30518
30517
30501
30489
30487
30475
30473
30465
30462
30439
30431
30403
30402
30399
30382
30379
30372
30369
30362
30360
30350
30347
30339
30338
30333
30332
30327
30322
30318
30312
30304
30300
30293
30285
30279
30277
30275
30256
30254
30240
30234
30230
30221
30218
30217
30213
30200
30190
30185
30184
30183
30182
30156
30144
30143
30122
30118
30104
30091
30072
30046
30036
30022
30011
29996
29993
29990
29980
29971
29968
29965
29950
29947
29936
29909
29903
29903
29895
29892
29886
29884
29871
29834
29823
29820
29762
29762
29758
29756
29727
29713
29713
29691
29690
29664
29648
29647
29646
29636
29618
29618
29616
29600
29599
29586
29577
29577
29571
29551
29539
29537
29529
29511
29511
29510
29505
29503
29500
29492
29489
29473
29436
29430
29421
29418
29408
29402
29401
29397
29387
29381
29366
29365
29362
29360
29355
29337
29336
29310
29307
29304
29294
29286
29284
29233
29231
29220
29214
29210
29204
29196
29193
29187
29185
29184
29184
29182
29180
29173
29167
29161
29136
29133
29114
29113
29112
29102
29088
29085
29062
29041
29029
29028
29025
29014
29005
28991
28981
28979
28976
28975
28929
28915
28914
28911
28908
28907
28896
28885
28883
28857
28842
28825
28823
28822
28809
28805
28800
28785
28753
28751
28748
28747
28734
28728
28727
28721
28718
28703
28703
28701
28695
28692
28691
28689
28683
28677
28673
28665
28656
28641
28640
28635
28628
28622
28614
28610
28609
28598
28595
28578
28566
28548
28537
28533
28528
28523
28521
28511
28501
28496
28494
28493
28492
28489
28487
28483
28470
28469
28465
28465
28451
28437
28436
28424
28424
28413
28407
28398
28385
28377
28374
28368
28368
28354
28351
28349
28347
28340
28326
28321
28296
28293
28288
28278
28271
28271
28259
28248
28244
28236
28230
28224
28201
28194
28194
28188
28183
28183
28170
28168
28164
28149
28140
28129
28128
28128
28122
28118
28116
28103
28086
28081
28067
28066
28064
28050
28040
28040
28027
28024
28023
28018
28016
28016
28015
28014
28001
27997
27996
27991
27991
27988
27985
27970
27966
27964
27956
27953
27946
27935
27922
27920
27919
27917
27885
27883
27882
27871
27864
27856
27843
27840
27835
27825
27812
27809
27778
27778
27767
27763
27761
27755
27742
27737
27735
27720
27691
27660
27658
27656
27644
27641
27634
27625
27623
27617
27612
27602
27601
27592
27578
27565
27555
27543
27538
27515
27508
27506
27495
27490
27476
27474
27472
27459
27458
27455
27455
27454
27447
27445
27443
27417
27399
27395
27390
27384
27378
27375
27368
27351
27334
27323
27321
27316
27313
27308
27307
27307
27304
27300
27289
27281
27265
27259
27243
27221
27216
27214
27200
27175
27166
27165
27163
27161
27144
27141
27131
27126
27124
27115
27113
27112
27103
27100
27083
27074
27072
27066
27063
27051
27051
27033
27032
27029
26998
26994
26992
26977
26971
26970
26969
26968
26966
26964
26959
26956
26943
26938
26932
26928
26924
26919
26909
26903
26900
26897
26891
26888
26884
26877
26847
26843
26799
26789
26786
26782
26780
26779
26775
26766
26765
26762
26761
26752
26751
26736
26720
26706
26693
26692
26691
26689
26683
26670
26669
26667
26660
26655
26650
26645
26643
26625
26622
26622
26600
26596
26594
26540
26533
26525
26522
26521
26518
26499
26496
26466
26449
26443
26435
26431
26428
26428
26423
26411
26407
26401
26392
26372
26364
26345
26317
26310
26298
26288
26283
26278
26252
26249
26247
26244
26232
26229
26202
26201
26200
26191
26187
26163
26161
26154
26152
26151
26136
26134
26130
26125
26095
26088
26049
26044
26041
26036
26031
26030
26014
26010
26010
26008
26006
25983
25978
25974
25970
25959
25958
25954
25953
25947
25944
25923
25921
25913
25913
25891
25885
25874
25871
25866
25856
25849
25842
25837
25827
25801
25787
25777
25775
25752
25748
25747
25746
25744
25706
25705
25703
25696
25694
25690
25688
25686
25686
25685
25674
25659
25639
25635
25633
25631
25629
25627
25583
25575
25568
25551
25536
25523
25511
25506
25505
25485
25455
25454
25453
25448
25446
25444
25436
25436
25434
25428
25422
25421
25416
25415
25408
25390
25372
25369
25366
25346
25344
25341
25335
25329
25325
25324
25316
25315
25311
25310
25304
25299
25297
25297
25296
25289
25287
25286
25285
25276
25275
25273
25271
25265
25255
25251
25240
25227
25221
25217
25205
25184
25179
25176
25172
25158
25157
25155
25142
25140
25137
25134
25129
25123
25123
25115
25115
25113
25106
25095
25062
25061
25055
25052
25047
25042
25028
25024
25014
24984
24980
24973
24969
24967
24960
24939
24932
24929
24926
24923
24919
24916
24912
24891
24887
24886
24886
24881
24859
24850
24850
24834
24833
24820
24818
24816
24788
24776
24758
24758
24755
24742
24737
24724
24707
24677
24676
24676
24673
24673
24673
24670
24657
24656
24644
24641
24634
24628
24626
24622
24619
24610
24599
24591
24575
24565
24550
24547
24537
24520
24518
24505
24492
24488
24473
24472
24469
24455
24450
24430
24427
24426
24424
24412
24411
24411
24407
24369
24367
24367
24351
24347
24342
24337
24331
24327
24327
24323
24312
24307
24305
24303
24299
24299
24295
24275
24263
24230
24220
24219
24209
24201
24193
24193
24183
24182
24166
24159
24153
24139
24136
24130
24130
24128
24123
24120
24115
24107
24107
24102
24100
24094
24093
24092
24087
24074
24072
24070
24063
24059
24041
24038
24023
24022
23985
23983
23981
23975
23973
23956
23936
23929
23909
23907
23882
23877
23871
23871
23850
23842
23838
23834
23830
23826
23824
23812
23791
23765
23755
23752
23751
23743
23740
23740
23739
23736
23735
23731
23729
23719
23714
23710
23706
23699
23695
23693
23690
23687
23670
23664
23660
23654
23653
23650
23650
23640
23639
23630
23617
23617
23610
23602
23600
23600
23594
23593
23586
23566
23563
23556
23555
23554
23537
23530
23514
23485
23482
23472
23464
23464
23451
23444
23435
23425
23418
23408
23401
23381
23370
23370
23370
23355
23344
23342
23323
23318
23315
23302
23291
23290
23288
23278
23274
23271
23266
23259
23257
23244
23238
23231
23229
23228
23225
23216
23197
23193
23180
23175
23172
23163
23161
23154
23149
23148
23138
23129
23129
23124
23119
23116
23084
23077
23070
23067
23054
23049
23041
23022
23021
23005
22998
22989
22989
22977
22972
22968
22968
22957
22952
22948
22938
22933
22921
22915
22906
22905
22896
22885
22878
22873
22854
22847
22845
22845
22841
22837
22834
22823
22817
22784
22764
22756
22751
22722
22714
22701
22696
22690
22677
22667
22660
22656
22644
22633
22629
22621
22603
22578
22568
22563
22546
22528
22523
22521
22515
22511
22510
22509
22498
22492
22487
22485
22483
22441
22439
22435
22424
22416
22410
22396
22394
22383
22379
22378
22377
22375
22362
22354
22349
22335
22332
22326
22314
22266
22261
22232
22229
22218
22215
22197
22197
22195
22188
22184
22162
22161
22161
22150
22145
22137
22117
22099
22093
22088
22085
22077
22075
22071
22071
22064
22061
22059
22052
22048
22043
22023
22009
22000
21998
21993
21986
21973
21950
21930
21913
21910
21910
21902
21895
21893
21884
21880
21856
21855
21842
21840
21837
21830
21825
21816
21807
21806
21792
21785
21778
21766
21754
21750
21745
21742
21737
21735
21721
21707
21701
21691
21682
21678
21676
21670
21657
21656
21649
21615
21609
21603
21596
21589
21584
21579
21574
21550
21517
21508
21503
21492
21488
21483
21477
21469
21453
21446
21443
21442
21440
21438
21429
21428
21426
21421
21412
21409
21407
21380
21380
21378
21375
21369
21364
21361
21361
21355
21348
21344
21341
21330
21294
21280
21275
21273
21262
21255
21241
21238
21216
21207
21196
21192
21190
21176
21174
21171
21144
21119
21115
21112
21109
21108
21108
21108
21106
21093
21092
21081
21070
21069
21060
21051
21051
21051
21040
21031
21025
21018
21004
20993
20990
20982
20950
20948
20948
20945
20936
20929
20928
20907
20898
20887
20883
20878
20860
20854
20853
20848
20833
20823
20821
20817
20812
20811
20810
20795
20795
20773
20768
20740
20738
20730
20725
20720
20718
20695
20694
20688
20679
20666
20651
20633
20627
20624
20615
20608
20604
20587
20574
20565
20549
20543
20529
20529
20527
20521
20517
20516
20513
20507
20499
20484
20480
20472
20468
20467
20451
20432
20429
20416
20414
20385
20372
20369
20366
20348
20345
20340
20333
20326
20320
20308
20307
20292
20279
20276
20263
20263
20256
20251
20238
20224
20206
20205
20193
20190
20159
20157
20148
20145
20144
20129
20106
20099
20096
20088
20083
20071
20067
20067
20064
20063
20048
20042
20039
20027
20025
20023
20021
19999
19989
19983
19969
19948
19935
19934
19925
19920
19914
19912
19906
19901
19894
19882
19872
19863
19862
19852
19852
19850
19840
19830
19825
19824
19819
19804
19804
19800
19789
19768
19710
19706
19704
19692
19687
19680
19677
19676
19675
19673
19670
19669
19654
19648
19638
19636
19615
19600
19593
19588
19586
19581
19570
19569
19565
19565
19560
19554
19553
19549
19535
19527
19525
19523
19522
19514
19503
19501
19488
19487
19482
19478
19453
19451
19430
19417
19410
19409
19402
19389
19388
19385
19376
19363
19346
19325
19318
19317
19309
19309
19307
19307
19302
19296
19294
19294
19286
19274
19269
19251
19219
19209
19193
19184
19182
19164
19161
19155
19152
19135
19130
19124
19122
19121
19096
19071
19056
19051
19043
19041
19019
19016
19011
19006
18994
18984
18974
18966
18956
18954
18943
18938
18933
18919
18915
18910
18907
18907
18870
18865
18855
18850
18830
18815
18807
18790
18788
18784
18784
18779
18774
18773
18761
18758
18741
18720
18700
18695
18690
18688
18686
18682
18678
18666
18663
18653
18642
18640
18619
18618
18616
18614
18611
18602
18594
18579
18572
18568
18568
18559
18552
18543
18540
18537
18527
18515
18514
18511
18471
18467
18466
18464
18457
18451
18438
18435
18424
18414
18409
18407
18393
18366
18344
18322
18319
18317
18317
18316
18309
18294
18293
18290
18276
18254
18243
18240
18237
18233
18233
18228
18226
18211
18208
18205
18197
18195
18183
18183
18181
18164
18161
18146
18142
18123
18110
18107
18082
18080
18065
18052
18047
18044
18039
18030
18029
18023
17970
17965
17960
17956
17953
17949
17944
17937
17928
17927
17899
17894
17883
17882
17874
17870
17865
17859
17857
17852
17827
17826
17822
17821
17796
17790
17782
17778
17777
17765
17762
17755
17753
17735
17720
17715
17715
17708
17707
17705
17700
17688
17688
17664
17658
17656
17654
17651
17647
17645
17634
17622
17618
17617
17603
17592
17582
17552
17549
17538
17503
17497
17497
17497
17488
17488
17482
17474
17472
17464
17453
17450
17448
17445
17439
17434
17425
17396
17382
17381
17380
17373
17359
17357
17348
17331
17324
17322
17315
17307
17298
17294
17290
17272
17269
17252
17247
17237
17229
17228
17203
17202
17196
17177
17171
17170
17162
17151
17143
17128
17126
17114
17113
17102
17100
17086
17082
17080
17070
17051
17043
17035
17029
17007
17003
17002
17002
17001
16982
16981
16978
16976
16975
16968
16967
16963
16959
16954
16947
16937
16936
16934
16908
16906
16901
16871
16867
16858
16845
16845
16844
16842
16842
16840
16839
16824
16823
16812
16811
16808
16801
16793
16789
16782
16775
16768
16766
16765
16762
16759
16750
16743
16743
16741
16738
16736
16734
16732
16724
16716
16704
16703
16689
16686
16685
16678
16660
16654
16648
16642
16638
16633
16613
16598
16585
16566
16565
16565
16565
16563
16554
16552
16541
16539
16533
16524
16524
16522
16514
16495
16490
16487
16479
16477
16472
16437
16433
16429
16417
16413
16409
16405
16403
16402
16396
16390
16388
16383
16379
16366
16355
16339
16338
16310
16299
16293
16287
16285
16278
16271
16243
16241
16225
16214
16202
16197
16186
16181
16176
16167
16158
16152
16142
16141
16137
16136
16134
16128
16126
16117
16115
16099
16083
16069
16058
16057
16056
16052
16045
16044
16041
16039
16030
16030
16018
16012
16006
15994
15993
15975
15965
15947
15938
15938
15937
15917
15897
15888
15878
15869
15865
15837
15836
15824
15819
15807
15804
15803
15799
15798
15791
15790
15789
15783
15775
15741
15738
15728
15721
15715
15707
15707
15701
15695
15679
15672
15662
15659
15646
15644
15637
15633
15631
15607
15594
15591
15586
15575
15562
15547
15534
15531
15526
15521
15514
15511
15508
15504
15503
15502
15493
15475
15470
15469
15444
15436
15434
15414
15406
15404
15394
15393
15377
15376
15362
15341
15328
15310
15310
15307
15293
15289
15280
15279
15250
15248
15247
15236
15235
15224
15211
15204
15199
15193
15192
15182
15182
15164
15163
15158
15155
15146
15146
15140
15137
15129
15127
15122
15119
15108
15106
15102
15087
15069
15061
15056
15053
15045
15038
15036
15035
15031
15024
15012
15010
15000
14992
14991
14990
14988
14977
14968
14968
14966
14954
14950
14945
14944
14936
14928
14926
14924
14914
14895
14894
14894
14887
14881
14867
14858
14833
14813
14812
14804
14804
14793
14785
14776
14772
14769
14764
14761
14760
14753
14727
14727
14722
14720
14720
14714
14709
14707
14684
14670
14665
14646
14638
14634
14611
14606
14588
14576
14564
14563
14556
14538
14527
14517
14509
14496
14494
14492
14474
14466
14459
14458
14449
14448
14426
14424
14408
14400
14380
14380
14378
14375
14372
14367
14365
14362
14360
14354
14349
14338
14330
14329
14323
14319
14312
14308
14303
14297
14297
14287
14286
14273
14267
14266
14263
14247
14238
14226
14226
14224
14223
14215
14197
14197
14193
14160
14146
14138
14131
14122
14121
14105
14101
14100
14090
14072
14071
14053
14049
14045
14044
14042
14031
14016
14012
13999
13971
13960
13955
13939
13937
13924
13923
13919
13906
13897
13889
13888
13877
13858
13852
13841
13837
13833
13826
13817
13809
13803
13788
13776
13768
13756
13756
13740
13731
13727
13723
13708
13707
13706
13702
13702
13682
13667
13663
13657
13656
13653
13651
13648
13645
13629
13613
13602
13595
13574
13554
13526
13525
13516
13516
13509
13503
13492
13488
13484
13479
13479
13469
13452
13452
13450
13450
13439
13427
13418
13416
13411
13409
13403
13393
13388
13384
13382
13372
13363
13351
13342
13337
13316
13315
13304
13298
13295
13283
13281
13276
13257
13256
13255
13250
13219
13207
13201
13200
13189
13189
13172
13152
13143
13140
13133
13126
13125
13122
13110
13097
13090
13090
13073
13067
13049
13044
13020
13013
12998
12992
12991
12983
12977
12976
12975
12975
12970
12969
12968
12964
12953
12946
12940
12937
12928
12926
12917
12915
12912
12908
12905
12900
12881
12880
12872
12864
12857
12839
12818
12817
12812
12809
12808
12800
12767
12766
12763
12748
12746
12745
12735
12731
12722
12716
12715
12707
12700
12699
12695
12692
12679
12669
12666
12662
12658
12651
12631
12628
12627
12625
12615
12612
12606
12600
12590
12590
12583
12582
12575
12575
12557
12547
12546
12543
12541
12523
12521
12516
12503
12499
12497
12481
12469
12463
12448
12439
12427
12424
12420
12410
12409
12403
12398
12398
12380
12360
12356
12350
12336
12315
12307
12306
12292
12284
12281
12279
12275
12266
12265
12252
12248
12238
12235
12224
12192
12191
12168
12157
12151
12145
12126
12117
12115
12113
12111
12110
12105
12099
12098
12093
12073
12070
12068
12060
12059
12048
12044
12043
12039
12037
12004
11984
11983
11983
11978
11978
11974
11964
11948
11942
11942
11935
11934
11932
11924
11924
11920
11908
11902
11902
11881
11877
11868
11862
11849
11844
11840
11832
11830
11821
11821
11817
11816
11808
11787
11780
11760
11753
11745
11741
11741
11737
11735
11731
11716
11688
11680
11680
11674
11660
11654
11645
11636
11635
11634
11630
11626
11625
11615
11600
11590
11577
11568
11568
11568
11566
11565
11538
11525
11503
11482
11478
11475
11449
11447
11445
11437
11426
11419
11413
11409
11406
11391
11384
11382
11374
11372
11364
11351
11344
11336
11336
11327
11325
11321
11301
11301
11295
11294
11290
11285
11272
11271
11252
11247
11245
11200
11196
11193
11183
11181
11166
11122
11110
11107
11102
11101
11095
11093
11088
11075
11074
11068
11067
11050
11045
11044
11028
11025
11023
11022
11013
11010
11007
11005
10996
10995
10992
10986
10975
10974
10958
10949
10935
10915
10913
10880
10874
10860
10830
10822
10800
10797
10797
10792
10789
10780
10762
10747
10741
10736
10736
10735
10730
10729
10728
10717
10715
10715
10714
10695
10672
10663
10660
10660
10660
10655
10654
10646
10642
10636
10636
10635
10618
10612
10595
10593
10590
10588
10587
10575
10566
10554
10547
10540
10540
10533
10533
10516
10510
10499
10496
10488
10486
10474
10465
10443
10411
10408
10405
10405
10401
10387
10367
10350
10348
10347
10339
10332
10331
10324
10319
10313
10309
10270
10248
10246
10240
10224
10218
10214
10212
10189
10177
10172
10169
10168
10163
10162
10158
10153
10150
10140
10125
10099
10097
10090
10090
10084
10069
10058
10041
10035
10028
10012
10011
10010
10008
10007
10007
10004
10002
10000
9994
9988
9985
9979
9977
9956
9954
9922
9921
9917
9916
9901
9885
9859
9839
9831
9812
9800
9799
9793
9788
9778
9777
9774
9756
9756
9749
9746
9743
9742
9733
9731
9713
9703
9686
9678
9675
9673
9669
9648
9640
9619
9605
9604
9602
9574
9569
9565
9565
9563
9557
9520
9514
9510
9505
9495
9479
9447
9445
9445
9421
9410
9394
9383
9374
9373
9372
9371
9371
9370
9347
9329
9305
9286
9272
9264
9239
9237
9231
9218
9212
9204
9186
9161
9156
9139
9137
9134
9134
9133
9123
9111
9109
9104
9096
9091
9087
9087
9076
9071
9066
9057
9038
9037
9035
9021
9011
9009
9001
8993
8942
8941
8931
8919
8919
8902
8892
8851
8847
8838
8827
8826
8799
8780
8762
8759
8759
8736
8716
8707
8705
8704
8690
8681
8680
8680
8678
8665
8657
8654
8647
8619
8581
8566
8559
8553
8541
8540
8532
8526
8523
8516
8506
8478
8473
8468
8468
8466
8455
8445
8444
8421
8420
8391
8388
8374
8374
8369
8363
8359
8345
8345
8336
8333
8321
8317
8317
8297
8285
8268
8260
8252
8249
8235
8233
8229
8219
8212
8208
8192
8178
8175
8165
8162
8161
8156
8155
8140
8126
8101
8094
8093
8071
8069
8062
8060
8055
8054
8039
8032
8008
8005
8002
8001
7992
7991
7987
7979
7974
7966
7965
7963
7942
7942
7936
7932
7931
7926
7926
7910
7908
7905
7888
7885
7872
7853
7818
7809
7793
7791
7789
7780
7773
7772
7759
7758
7752
7747
7740
7738
7728
7711
7705
7704
7695
7684
7681
7681
7676
7663
7656
7650
7642
7632
7610
7594
7582
7579
7564
7553
7553
7541
7540
7528
7516
7510
7508
7491
7464
7448
7440
7436
7431
7428
7416
7381
7368
7358
7355
7349
7348
7347
7346
7341
7336
7328
7327
7324
7324
7320
7306
7291
7281
7274
7261
7252
7243
7243
7238
7237
7230
7227
7211
7207
7193
7174
7174
7172
7172
7167
7159
7154
7145
7145
7141
7139
7136
7108
7105
7104
7097
7093
7092
7092
7086
7086
7064
7061
7058
7048
7031
7029
7022
7014
7007
7000
6985
6976
6972
6971
6966
6964
6956
6954
6953
6952
6930
6912
6900
6900
6898
6877
6862
6858
6828
6818
6817
6774
6774
6770
6727
6711
6697
6697
6695
6675
6672
6670
6665
6641
6628
6615
6611
6605
6602
6588
6576
6542
6512
6498
6496
6480
6477
6477
6473
6457
6454
6419
6405
6403
6386
6386
6377
6368
6366
6362
6358
6356
6355
6347
6345
6343
6337
6329
6327
6324
6323
6315
6296
6293
6289
6268
6267
6258
6250
6248
6241
6241
6228
6227
6218
6213
6200
6191
6181
6181
6171
6157
6151
6148
6148
6144
6112
6109
6097
6083
6081
6080
6077
6060
6038
6036
6006
6002
5993
5987
5984
5980
5969
5960
5959
5954
5948
5911
5907
5883
5872
5870
5849
5840
5839
5839
5824
5800
5758
5751
5742
5731
5725
5722
5720
5705
5688
5682
5681
5676
5673
5653
5643
5624
5615
5612
5595
5594
5594
5585
5579
5571
5565
5556
5551
5550
5542
5542
5540
5505
5499
5495
5494
5485
5478
5470
5408
5385
5382
5357
5354
5347
5341
5340
5334
5333
5321
5311
5307
5307
5294
5284
5283
5283
5275
5274
5262
5242
5240
5238
5230
5226
5219
5209
5191
5188
5181
5168
5164
5160
5156
5136
5133
5132
5127
5124
5112
5111
5108
5098
5077
5065
5063
5061
5048
5047
5046
5046
5021
5011
4977
4972
4965
4964
4962
4945
4942
4934
4924
4922
4915
4912
4905
4898
4894
4892
4891
4879
4878
4873
4862
4853
4844
4823
4810
4804
4802
4800
4798
4783
4762
4762
4761
4754
4745
4744
4734
4732
4729
4728
4726
4716
4706
4705
4680
4673
4661
4651
4624
4604
4590
4582
4582
4562
4555
4553
4551
4537
4532
4531
4525
4500
4479
4463
4448
4447
4434
4426
4417
4414
4412
4410
4406
4387
4378
4377
4373
4349
4342
4325
4321
4319
4306
4304
4290
4278
4261
4232
4211
4183
4181
4179
4175
4157
4153
4151
4147
4131
4130
4122
4120
4119
4100
4099
4087
4076
4049
4044
4043
4041
4040
4020
4017
4016
4011
3988
3967
3950
3931
3925
3918
3917
3909
3907
3907
3904
3901
3878
3863
3855
3850
3828
3806
3804
3803
3798
3792
3781
3769
3763
3752
3746
3744
3732
3731
3721
3712
3700
3696
3677
3665
3657
3637
3636
3630
3630
3626
3617
3599
3593
3592
3589
3573
3566
3566
3565
3557
3556
3536
3532
3527
3523
3516
3505
3502
3498
3496
3490
3487
3452
3407
3403
3401
3393
3390
3380
3374
3364
3350
3333
3330
3328
3327
3320
3312
3306
3291
3282
3268
3266
3264
3252
3238
3219
3199
3197
3161
3160
3122
3120
3098
3095
3086
3075
3070
3061
3058
3057
3041
3032
3030
3021
3014
3007
3004
2996
2993
2975
2962
2923
2922
2919
2913
2909
2893
2888
2871
2839
2829
2808
2807
2799
2799
2794
2782
2780
2770
2752
2751
2751
2727
2717
2711
2704
2701
2694
2678
2668
2664
2655
2634
2630
2628
2599
2598
2594
2593
2582
2582
2568
2555
2554
2542
2512
2511
2503
2484
2458
2456
2453
2449
2433
2424
2424
2422
2418
2404
2394
2378
2375
2373
2366
2339
2322
2314
2314
2284
2283
2280
2278
2275
2270
2268
2268
2267
2265
2257
2247
2247
2245
2244
2242
2241
2233
2232
2211
2208
2200
2187
2184
2183
2179
2176
2174
2171
2164
2163
2161
2149
2143
2141
2140
2125
2116
2103
2090
2081
2079
2078
2077
2064
2056
2031
2030
2029
2018
2012
1998
1986
1984
1984
1982
1970
1959
1954
1944
1916
1908
1907
1907
1905
1903
1902
1901
1901
1891
1891
1890
1885
1876
1875
1873
1871
1863
1835
1829
1826
1825
1811
1805
1802
1795
1793
1792
1790
1781
1779
1777
1767
1762
1760
1734
1733
1730
1719
1715
1713
1712
1703
1703
1702
1690
1678
1671
1656
1655
1654
1648
1648
1644
1643
1642
1623
1619
1609
1605
1604
1603
1602
1593
1592
1591
1578
1576
1574
1573
1569
1567
1564
1543
1539
1538
1537
1532
1527
1519
1487
1484
1483
1471
1465
1463
1461
1427
1424
1423
1415
1396
1393
1376
1348
1346
1333
1331
1329
1319
1315
1309
1294
1287
1270
1264
1259
1258
1236
1225
1222
1221
1215
1213
1206
1196
1193
1188
1179
1178
1171
1154
1146
1144
1130
1122
1117
1110
1105
1098
1091
1087
1081
1063
1058
1054
1053
1043
1036
1035
1034
1031
1029
1021
1007
1005
1004
1003
1002
991
986
984
983
960
957
953
953
950
944
926
899
895
893
891
870
866
866
848
843
835
829
821
814
805
799
795
793
759
754
740
735
729
727
720
715
712
712
690
688
686
675
666
654
642
636
633
627
614
604
600
584
564
561
556
554
545
534
524
521
521
517
515
511
511
509
497
496
490
486
483
480
465
459
454
441
438
435
434
427
426
424
410
398
396
389
384
381
373
365
358
355
350
348
346
344
337
327
324
317
311
299
299
291
289
277
274
264
262
261
257
256
242
238
236
234
228
211
209
202
200
193
187
165
144
112
96
90
85
73
69
64
59
55
55
54
51
41
25
22
17
