65393
65211
64691
64596
64594
64565
64466
64365
64150
63965
63894
63873
63798
63653
63520
63311
62912
62802
62363
62323
62202
62105
62005
61618
61573
61481
61462
61407
61386
61108
60780
60682
60582
60561
60547
60078
59940
59933
59727
59721
59700
59450
59422
59343
59260
59239
59117
58906
58783
58550
58530
58468
58369
58357
57914
57828
57703
57494
57439
57038
56999
56918
56882
56442
56433
56334
56278
56230
56150
56133
55969
55895
55857
55571
55306
55141
55111
55042
54771
54718
54651
54550
54356
54292
54212
53883
53874
53740
53700
53593
53524
53410
53312
52809
52430
52245
51814
51726
51719
51690
51534
51478
51411
51372
51154
50989
50987
50902
50755
50582
50498
50325
50151
50062
50014
49887
49850
49794
49781
49690
49076
49063
48852
48793
48785
48663
48611
48473
48426
48049
48049
47993
47778
47774
47693
47633
47583
47449
47432
47399
47363
47356
47085
47080
47016
46872
46565
46427
46425
46311
46207
46165
46043
46002
45995
45858
45844
45641
45543
45517
45449
45415
45393
45230
45219
44966
44929
44729
44668
44645
44596
44400
44172
44136
44070
44018
44006
43827
43596
43574
43436
43250
43170
43168
43125
42725
42682
42560
42552
42496
42274
42228
42050
41978
41978
41937
41758
41570
41488
41417
41111
40874
40811
40692
40646
40611
40131
40055
39980
39957
39801
39463
39458
39432
39277
38752
38588
38545
38263
38260
37941
37921
37752
37582
37487
37383
37315
37243
37115
37103
36255
36251
36236
36178
36136
36057
35954
35889
35464
35355
35232
34863
34433
34368
34343
34284
34054
33792
33625
33450
33411
33232
33229
33087
32831
32803
32704
32519
32343
32278
32172
32171
32119
31885
31851
31695
31632
31465
31461
31356
31274
31262
31232
31230
31228
31217
30501
30322
30217
30156
30143
29936
29871
29762
29713
29648
29618
29600
29551
29511
29492
29489
29214
29102
29028
28896
28800
28492
28351
28296
28293
28183
28066
28040
27883
27825
27763
27691
27417
27316
27221
27216
27124
27113
27112
26706
26660
26428
26372
26310
26088
26044
26031
25983
25953
25944
25685
25289
25255
25062
25061
24820
24619
24450
24407
24063
23690
23630
23408
22977
22957
22952
22906
22660
22379
22378
22314
22218
22075
21998
21754
21701
21508
21109
21004
20878
20817
20768
20549
20517
20366
20159
20106
19983
19934
19882
19673
19553
19535
19525
19514
19501
19296
18984
18779
18572
18228
18110
17859
17472
17272
17128
17114
17086
17082
17002
16871
16840
16782
16565
16552
16524
16487
16479
16388
15888
15662
15659
15470
15404
15204
15192
14881
14858
14722
14714
14611
14458
14424
14273
14105
14101
13919
13889
13645
13595
13516
13452
13452
13418
13276
12992
12731
12669
12503
12469
12409
11942
11877
11840
11590
11568
11413
11166
11007
10958
10789
10762
10741
10736
10595
10575
10465
10411
10150
9733
9574
9383
9111
9057
8931
8444
8363
8268
8101
8005
7991
7818
7642
7553
7440
7172
7092
7007
6985
6605
6457
6345
5758
5595
5485
5408
5311
5284
5242
5188
5011
4972
4965
4651
4582
4304
4157
4130
4119
3828
3763
3630
3566
3320
2913
2909
2752
2594
2424
2257
2183
1982
1901
1805
1648
1423
1393
1171
1117
1105
1098
1005
712
556
545
165
