65365
65286
64389
64085
64006
63031
62153
60699
60524
60359
60294
60228
60012
59588
58689
57854
57788
57283
57137
56578
55629
54632
54380
53971
53867
52271
51770
51729
51627
51625
51364
50736
50601
49822
49801
49506
49212
48837
48200
47650
47036
46422
46093
44385
42959
42164
41746
41512
41086
40739
40376
40201
39689
39333
38930
38122
37547
35793
33818
33600
33391
33173
32734
32123
31862
31735
31489
31410
31015
30661
30203
29190
28710
26695
25787
25728
25716
25549
24995
24935
23932
23796
23779
22898
20889
20465
20413
19539
19102
17431
17332
17083
15961
15356
15279
15206
14891
14700
14183
13933
10623
10522
9852
9688
9568
9195
9160
9052
8647
8573
8339
8099
7049
6489
6479
6463
5866
5582
5532
4823
4215
2791
2536
2199
2169
2098
1287
775
