144
165
209
238
274
291
346
355
486
496
517
521
524
534
545
556
614
712
712
754
759
835
843
960
986
1003
1005
1021
1087
1098
1105
1117
1146
1154
1171
1179
1258
1331
1393
1423
1532
1564
1569
1573
1574
1576
1578
1591
1602
1604
1609
1619
1623
1642
1648
1678
1781
1792
1805
1811
1835
1901
1905
1982
1998
2012
2064
2125
2143
2161
2183
2200
2233
2241
2242
2245
2247
2257
2278
2283
2424
2424
2433
2555
2594
2598
2599
2630
2727
2752
2782
2808
2871
2893
2909
2913
2922
2975
3021
3058
3061
3095
3098
3252
3291
3312
3320
3407
3557
3566
3630
3637
3657
3677
3763
3781
3828
3907
3909
3918
3931
3967
4017
4020
4044
4049
4087
4100
4119
4130
4157
4181
4304
4306
4349
4377
4406
4417
4448
4479
4582
4651
4716
4728
4744
4745
4762
4844
4894
4915
4924
4942
4965
4972
5011
5048
5063
5098
5112
5127
5133
5181
5188
5240
5242
5284
5311
5340
5347
5408
5478
5485
5540
5542
5571
5595
5643
5682
5722
5742
5758
5839
5840
5954
5987
6002
6080
6097
6109
6151
6213
6248
6329
6345
6358
6366
6368
6377
6403
6419
6457
6477
6480
6496
6588
6605
6695
6817
6828
6858
6877
6898
6930
6954
6956
6985
7007
7086
7092
7105
7108
7139
7172
7207
7306
7320
7341
7431
7440
7448
7541
7553
7594
7642
7676
7681
7711
7728
7758
7780
7789
7818
7926
7991
8001
8002
8005
8008
8039
8071
8101
8165
8249
8268
8359
8363
8374
8388
8420
8421
8444
8468
8468
8506
8523
8553
8665
8680
8681
8716
8827
8931
8942
9001
9009
9057
9076
9087
9091
9111
9133
9239
9272
9305
9374
9383
9445
9447
9479
9505
9510
9563
9574
9640
9686
9731
9733
9788
9859
9917
9977
9988
10010
10011
10150
10189
10313
10405
10408
10411
10465
10499
10533
10575
10587
10588
10593
10595
10612
10642
10715
10730
10735
10736
10741
10762
10789
10797
10874
10958
11005
11007
11013
11025
11045
11067
11101
11166
11200
11301
11374
11382
11409
11413
11426
11437
11568
11568
11590
11600
11626
11737
11808
11832
11840
11849
11877
11902
11924
11924
11942
11978
11983
12043
12098
12192
12235
12266
12336
12356
12398
12409
12448
12469
12503
12516
12521
12547
12582
12606
12627
12651
12662
12669
12716
12731
12748
12763
12809
12864
12872
12900
12908
12975
12991
12992
13067
13090
13133
13143
13172
13189
13200
13201
13257
13276
13283
13295
13315
13416
13418
13427
13439
13452
13452
13516
13525
13554
13595
13645
13702
13727
13756
13768
13776
13889
13919
13924
13937
13939
13971
13999
14044
14053
14101
14105
14146
14197
14197
14266
14273
14286
14297
14312
14323
14338
14349
14378
14380
14408
14424
14426
14458
14509
14611
14714
14720
14722
14764
14804
14833
14858
14881
14894
14977
14990
15036
15038
15056
15122
15127
15137
15146
15164
15192
15204
15211
15235
15289
15377
15393
15404
15470
15504
15631
15637
15659
15662
15679
15721
15728
15738
15819
15837
15888
15947
15994
16030
16045
16099
16115
16137
16225
16287
16310
16379
16388
16402
16429
16479
16487
16524
16539
16552
16565
16613
16648
16654
16660
16703
16741
16750
16765
16782
16840
16845
16871
16968
17002
17002
17070
17082
17086
17114
17128
17162
17171
17228
17229
17272
17359
17439
17445
17472
17497
17503
17582
17618
17645
17647
17735
17762
17790
17859
17874
17882
17883
17928
17937
17965
18047
18052
18107
18110
18228
18293
18317
18393
18438
18543
18552
18568
18572
18611
18640
18682
18690
18700
18720
18761
18779
18870
18907
18907
18974
18984
18994
19041
19121
19122
19130
19135
19251
19296
19302
19307
19317
19385
19389
19482
19501
19514
19525
19535
19553
19560
19565
19565
19569
19570
19615
19636
19673
19850
19852
19862
19882
19934
19983
19999
20067
20106
20145
20157
20159
20206
20263
20292
20326
20333
20366
20416
20432
20513
20517
20521
20527
20543
20549
20565
20608
20633
20695
20718
20768
20773
20811
20817
20860
20878
20898
20907
20928
20948
20993
21004
21025
21051
21051
21060
21070
21109
21112
21192
21238
21255
21273
21341
21364
21369
21409
21421
21443
21488
21508
21550
21589
21609
21649
21657
21682
21691
21701
21750
21754
21766
21778
21806
21840
21842
21902
21973
21998
22023
22075
22093
22117
22137
22162
22184
22195
22197
22197
22218
22314
22335
22378
22379
22396
22492
22511
22515
22578
22629
22660
22677
22701
22878
22885
22906
22921
22938
22952
22957
22977
23041
23077
23148
23175
23197
23216
23274
23278
23291
23302
23315
23318
23323
23342
23344
23381
23401
23408
23485
23617
23630
23670
23690
23714
23729
23871
23909
23975
24063
24070
24153
24182
24209
24312
24327
24407
24411
24450
24455
24469
24472
24505
24518
24520
24547
24619
24622
24626
24641
24673
24676
24707
24820
24859
24916
24932
24939
25024
25047
25061
25062
25115
25157
25158
25221
25255
25273
25286
25289
25299
25304
25324
25369
25372
25448
25453
25685
25686
25690
25705
25842
25913
25944
25953
25959
25983
26031
26036
26044
26088
26095
26125
26152
26161
26191
26200
26202
26244
26310
26345
26372
26423
26428
26435
26518
26521
26540
26596
26622
26622
26643
26645
26660
26670
26683
26693
26706
26720
26765
26780
26789
26884
26888
26891
26919
26943
26969
26971
26977
26998
27029
27033
27083
27103
27112
27113
27115
27124
27175
27216
27221
27243
27281
27307
27316
27417
27445
27447
27474
27495
27515
27592
27656
27691
27763
27778
27825
27864
27883
27920
27935
27985
28016
28040
28066
28081
28086
28118
28129
28149
28168
28170
28183
28183
28188
28201
28244
28271
28293
28296
28347
28351
28385
28398
28407
28424
28469
28492
28537
28566
28598
28609
28614
28635
28665
28695
28701
28703
28718
28721
28727
28728
28800
28885
28896
28907
28908
28914
28991
29005
29028
29029
29041
29102
29184
29193
29214
29233
29294
29421
29489
29492
29500
29511
29551
29586
29600
29618
29647
29648
29690
29713
29762
29871
29936
29993
30011
30122
30143
30144
30156
30184
30217
30240
30254
30277
30322
30382
30403
30501
30517
30542
30550
30618
30649
30656
30683
30736
30769
30824
30925
30947
30952
30986
30986
31002
31060
31079
31081
31086
31116
31129
31145
31217
31228
31230
31232
31262
31274
31314
31356
31380
31388
31461
31465
31543
31566
31576
31577
31617
31632
31650
31681
31682
31695
31836
31840
31851
31885
31947
32118
32119
32128
32130
32171
32171
32172
32241
32249
32278
32343
32359
32431
32507
32519
32546
32550
32609
32704
32803
32816
32831
32882
32911
32960
32963
33029
33031
33059
33062
33069
33087
33095
33142
33217
33229
33232
33264
33303
33304
33411
33443
33447
33450
33455
33493
33495
33527
33545
33585
33606
33619
33625
33625
33736
33741
33792
33815
33895
33908
33916
34025
34054
34082
34105
34169
34204
34213
34284
34294
34304
34343
34368
34416
34433
34443
34462
34465
34508
34513
34520
34605
34627
34658
34672
34737
34740
34791
34793
34795
34835
34863
34881
34892
35126
35141
35202
35232
35272
35278
35283
35355
35372
35430
35443
35448
35464
35485
35515
35576
35596
35607
35713
35735
35759
35775
35808
35810
35829
35833
35841
35889
35893
35947
35954
36029
36046
36057
36102
36136
36172
36178
36236
36238
36243
36251
36255
36293
36323
36334
36342
36476
36483
36483
36567
36624
36697
36754
36778
36779
36874
37007
37012
37074
37097
37103
37115
37119
37243
37271
37288
37288
37309
37315
37333
37362
37380
37383
37405
37451
37468
37487
37503
37511
37547
37570
37582
37666
37697
37720
37752
37755
37838
37880
37910
37921
37941
37967
37976
37984
38017
38065
38160
38172
38193
38212
38227
38260
38263
38263
38265
38367
38380
38403
38409
38545
38557
38587
38588
38628
38652
38752
38879
38917
39155
39277
39300
39320
39347
39424
39432
39458
39463
39470
39512
39527
39649
39712
39793
39801
39814
39816
39847
39850
39941
39956
39957
39979
39980
39998
40031
40055
40055
40105
40131
40204
40212
40315
40347
40362
40369
40423
40428
40428
40451
40474
40515
40611
40646
40652
40692
40753
40758
40782
40811
40826
40874
40892
40967
41016
41029
41045
41058
41088
41111
41116
41138
41320
41330
41342
41350
41411
41417
41419
41488
41494
41520
41552
41557
41570
41591
41696
41758
41776
41785
41937
41956
41967
41978
41978
41981
41987
42044
42050
42052
42084
42195
42208
42228
42264
42272
42274
42313
42352
42424
42459
42496
42506
42552
42560
42572
42635
42641
42681
42682
42725
42733
42754
42866
42975
43000
43024
43056
43063
43071
43111
43125
43168
43170
43177
43182
43231
43239
43250
43264
43291
43303
43311
43390
43391
43436
43467
43555
43562
43574
43584
43591
43596
43620
43623
43657
43674
43719
43722
43827
43835
43841
43891
43945
43946
44006
44018
44059
44070
44098
44117
44136
44158
44172
44197
44256
44271
44277
44355
44389
44400
44413
44446
44455
44464
44470
44478
44517
44587
44596
44623
44626
44645
44649
44668
44699
44722
44729
44770
44834
44869
44883
44892
44929
44933
44966
44994
45018
45219
45230
45268
45326
45334
45349
45350
45371
45393
45415
45442
45448
45449
45490
45492
45517
45520
45521
45539
45543
45641
45787
45789
45805
45844
45858
45917
45922
45964
45995
45998
46002
46039
46043
46144
46165
46207
46218
46311
46345
46425
46427
46494
46565
46568
46632
46654
46656
46665
46667
46687
46861
46872
46877
46883
47016
47073
47080
47085
47109
47119
47199
47239
47261
47352
47356
47363
47399
47427
47432
47449
47477
47559
47583
47587
47604
47629
47631
47633
47673
47693
47705
47744
47774
47778
47790
47807
47821
47860
47911
47928
47991
47993
47996
48019
48025
48042
48049
48049
48153
48215
48235
48241
48255
48259
48262
48333
48338
48361
48423
48426
48473
48560
48609
48611
48632
48663
48687
48696
48714
48772
48785
48793
48794
48798
48810
48813
48814
48850
48852
48872
48877
48934
49032
49047
49062
49063
49076
49105
49136
49173
49185
49186
49194
49205
49268
49310
49332
49352
49524
49539
49594
49607
49690
49699
49753
49781
49794
49812
49818
49850
49867
49887
49918
49938
49945
49974
50014
50051
50062
50089
50151
50155
50156
50169
50293
50303
50325
50343
50379
50426
50437
50450
50452
50461
50498
50563
50582
50684
50707
50755
50877
50902
50915
50975
50986
50987
50989
50998
51064
51076
51130
51152
51154
51211
51245
51282
51317
51350
51364
51372
51411
51437
51468
51478
51521
51531
51534
51628
51654
51659
51690
51695
51709
51719
51726
51771
51814
51907
51984
52045
52092
52185
52216
52245
52288
52300
52402
52430
52508
52522
52605
52613
52617
52627
52780
52809
52816
52844
52872
52872
52899
52917
53086
53113
53139
53225
53233
53259
53269
53275
53292
53297
53302
53312
53410
53419
53419
53524
53564
53581
53593
53629
53700
53734
53740
53806
53834
53868
53871
53874
53883
53884
54030
54085
54106
54137
54141
54192
54212
54223
54292
54299
54325
54326
54356
54444
54450
54453
54479
54507
54521
54539
54550
54553
54625
54651
54664
54718
54724
54764
54771
55012
55042
55063
55092
55111
55118
55141
55213
55286
55306
55322
55336
55352
55395
55397
55403
55415
55555
55571
55616
55804
55857
55870
55881
55895
55933
55942
55969
56003
56133
56140
56148
56150
56210
56230
56233
56250
56278
56314
56334
56433
56442
56476
56574
56594
56800
56868
56882
56894
56899
56906
56917
56918
56933
56985
56999
57038
57047
57062
57153
57162
57197
57295
57299
57360
57439
57459
57494
57497
57604
57629
57703
57731
57791
57828
57866
57875
57895
57914
58004
58020
58073
58076
58174
58252
58257
58285
58357
58369
58389
58418
58468
58520
58530
58531
58550
58557
58620
58699
58757
58773
58783
58816
58871
58885
58906
58906
58953
58989
59117
59239
59260
59343
59371
59414
59422
59446
59450
59514
59558
59659
59700
59721
59724
59727
59765
59811
59933
59940
59969
59986
60060
60078
60131
60197
60224
60282
60360
60388
60469
60487
60501
60547
60561
60582
60615
60616
60682
60751
60780
60811
60840
60857
60884
60911
60940
60966
60973
61003
61006
61108
61172
61231
61277
61308
61327
61386
61407
61462
61481
61485
61499
61519
61573
61597
61618
61697
61793
61813
61860
61893
61929
61933
61945
62005
62084
62105
62111
62120
62161
62202
62205
62242
62266
62269
62280
62293
62307
62323
62324
62328
62346
62363
62378
62415
62436
62463
62473
62524
62526
62583
62633
62636
62641
62688
62802
62808
62822
62912
62931
62932
62967
62977
63019
63025
63046
63111
63141
63141
63214
63261
63311
63313
63315
63332
63340
63382
63435
63520
63526
63563
63635
63643
63653
63686
63740
63761
63791
63798
63800
63811
63873
63894
63894
63940
63943
63965
63991
64070
64100
64129
64141
64147
64150
64224
64249
64292
64311
64365
64402
64416
64453
64466
64489
64565
64594
64596
64611
64665
64691
64739
64752
64764
64785
64813
64857
64909
65066
65080
65098
65121
65161
65201
65211
65393
65445
65486
65519
