775
1287
2098
2169
2199
2536
2791
4215
4823
5532
5582
5866
6463
6479
6489
7049
8099
8339
8573
8647
9052
9160
9195
9568
9688
9852
10522
10623
13933
14183
14700
14891
15206
15279
15356
15961
17083
17332
17431
19102
19539
20413
20465
20889
22898
23779
23796
23932
24935
24995
25549
25716
25728
25787
26695
28710
29190
30203
30661
31015
31410
31489
31735
31862
32123
32734
33173
33391
33600
33818
35793
37547
38122
38930
39333
39689
40201
40376
40739
41086
41512
41746
42164
42959
44385
46093
46422
47036
47650
48200
48837
49212
49506
49801
49822
50601
50736
51364
51625
51627
51729
51770
52271
53867
53971
54380
54632
55629
56578
57137
57283
57788
57854
58689
59588
60012
60228
60294
60359
60524
60699
62153
63031
64006
64085
64389
65286
65365
