2
5
10
15
23
30
36
52
59
66
77
86
89
104
122
123
127
137
139
157
171
173
175
178
189
191
197
212
217
219
225
243
244
247
251
255
257
260
270
277
286
302
316
318
319
324
328
332
336
346
347
347
362
366
369
380
387
417
419
422
450
453
462
466
483
483
489
502
505
508
509
513
544
548
550
556
564
566
579
585
586
593
613
626
633
637
653
655
657
661
663
664
665
666
673
679
686
699
718
720
721
726
736
747
750
755
758
775
778
782
787
805
806
823
826
827
833
835
838
846
859
896
899
905
910
910
913
922
924
930
932
939
944
953
953
961
962
965
968
975
978
983
989
1001
1009
1012
1033
1033
1041
1041
1042
1046
1058
1071
1077
1082
1084
1097
1108
1109
1117
1121
1121
1124
1132
1147
1156
1165
1172
1174
1187
1192
1192
1205
1215
1216
1217
1218
1219
1235
1236
1239
1242
1251
1256
1266
1268
1287
1296
1308
1316
1340
1342
1356
1368
1379
1383
1386
1391
1400
1419
1439
1461
1466
1469
1470
1475
1485
1490
1512
1520
1521
1524
1525
1537
1541
1559
1561
1581
1584
1586
1586
1586
1589
1597
1606
1638
1639
1651
1673
1676
1678
1679
1684
1690
1695
1713
1715
1740
1744
1749
1750
1757
1761
1763
1771
1774
1775
1778
1794
1812
1818
1829
1833
1837
1856
1865
1872
1876
1891
1894
1900
1913
1918
1922
1923
1942
1946
1968
1982
1982
1987
1989
1995
2000
2001
2015
2020
2023
2032
2033
2035
2035
2044
2098
2104
2105
2106
2123
2132
2133
2146
2162
2162
2165
2166
2168
2169
2176
2186
2199
2199
2204
2205
2211
2213
2218
2228
2230
2237
2241
2243
2254
2256
2275
2292
2298
2299
2303
2305
2306
2315
2316
2331
2348
2351
2362
2362
2364
2376
2384
2385
2389
2404
2407
2408
2418
2447
2453
2455
2457
2475
2479
2492
2494
2505
2515
2525
2536
2536
2537
2545
2546
2548
2549
2552
2555
2561
2562
2571
2575
2582
2589
2598
2609
2619
2623
2631
2655
2691
2692
2694
2696
2714
2722
2726
2728
2730
2737
2737
2745
2745
2757
2768
2771
2791
2795
2800
2804
2807
2808
2811
2816
2817
2835
2864
2866
2866
2868
2870
2886
2904
2928
2972
2973
2990
2995
3004
3008
3014
3016
3031
3048
3079
3103
3103
3107
3107
3116
3118
3121
3127
3129
3131
3136
3140
3142
3143
3147
3151
3156
3158
3165
3166
3168
3169
3169
3203
3209
3214
3221
3223
3224
3228
3241
3245
3248
3254
3261
3289
3297
3300
3306
3311
3314
3322
3350
3365
3377
3378
3388
3395
3399
3404
3413
3415
3426
3462
3467
3468
3469
3479
3480
3483
3484
3489
3501
3506
3507
3509
3513
3515
3528
3529
3539
3540
3545
3546
3564
3565
3596
3596
3603
3606
3627
3628
3631
3633
3640
3644
3646
3661
3669
3673
3682
3690
3696
3698
3698
3704
3709
3716
3721
3722
3729
3730
3751
3775
3785
3791
3796
3819
3825
3828
3830
3834
3840
3858
3860
3867
3871
3879
3880
3889
3893
3910
3924
3929
3939
3943
3950
3951
3961
3966
3972
3983
3985
3986
3989
4036
4039
4046
4050
4052
4055
4064
4074
4086
4087
4088
4094
4099
4104
4108
4118
4124
4130
4136
4163
4163
4167
4176
4189
4192
4193
4215
4216
4224
4227
4242
4253
4259
4261
4264
4264
4272
4278
4287
4307
4308
4311
4311
4320
4320
4322
4331
4335
4347
4349
4357
4358
4359
4385
4390
4401
4442
4443
4449
4456
4483
4485
4486
4490
4508
4514
4514
4563
4568
4568
4575
4576
4578
4583
4586
4591
4606
4625
4635
4641
4646
4653
4653
4659
4660
4665
4697
4703
4706
4710
4723
4759
4763
4776
4779
4794
4795
4797
4812
4813
4813
4823
4825
4828
4828
4829
4830
4832
4838
4860
4861
4864
4876
4915
4924
4931
4933
4933
4945
4957
4963
4983
4986
5000
5001
5041
5077
5085
5088
5088
5095
5100
5101
5105
5118
5125
5127
5132
5137
5142
5156
5172
5180
5181
5194
5199
5223
5226
5227
5231
5236
5253
5259
5260
5297
5299
5309
5317
5317
5336
5337
5344
5355
5364
5401
5414
5422
5422
5423
5427
5433
5436
5442
5472
5474
5475
5483
5486
5504
5504
5517
5525
5527
5527
5532
5540
5557
5558
5564
5570
5577
5582
5584
5634
5642
5652
5660
5661
5663
5685
5691
5696
5696
5706
5715
5728
5730
5730
5734
5771
5773
5780
5782
5789
5793
5806
5812
5813
5817
5832
5841
5847
5851
5855
5862
5866
5866
5869
5882
5882
5891
5897
5898
5898
5899
5907
5908
5923
5925
5943
5945
5948
5970
5995
6000
6000
6017
6020
6030
6049
6075
6076
6077
6086
6086
6098
6101
6102
6109
6123
6128
6146
6150
6154
6158
6163
6166
6188
6188
6190
6195
6202
6207
6219
6220
6221
6226
6232
6248
6257
6260
6289
6303
6306
6308
6318
6327
6328
6343
6359
6362
6365
6382
6392
6392
6414
6418
6421
6433
6444
6457
6462
6463
6471
6473
6479
6486
6487
6489
6498
6502
6503
6515
6537
6537
6541
6548
6578
6578
6590
6590
6599
6611
6617
6617
6617
6620
6624
6635
6645
6652
6677
6680
6681
6690
6695
6712
6717
6731
6736
6750
6754
6759
6777
6777
6795
6799
6805
6811
6818
6822
6826
6830
6833
6842
6843
6847
6857
6861
6862
6866
6873
6888
6889
6890
6892
6895
6908
6912
6913
6941
6947
6953
6956
6970
6970
6971
6974
6974
7002
7025
7026
7029
7031
7049
7075
7092
7095
7102
7139
7141
7142
7152
7153
7155
7183
7185
7192
7195
7198
7207
7215
7228
7229
7241
7254
7257
7264
7268
7276
7280
7288
7296
7297
7303
7312
7319
7327
7348
7349
7363
7363
7367
7375
7380
7388
7391
7405
7407
7411
7413
7417
7421
7426
7450
7460
7475
7486
7489
7490
7492
7496
7503
7512
7513
7525
7535
7548
7549
7562
7574
7590
7591
7600
7612
7615
7616
7631
7634
7647
7651
7653
7658
7666
7670
7683
7691
7694
7698
7708
7728
7729
7735
7738
7744
7772
7776
7803
7806
7810
7817
7824
7829
7831
7837
7838
7839
7841
7854
7855
7855
7857
7859
7859
7869
7870
7913
7916
7922
7943
7945
7964
7982
8008
8018
8022
8027
8038
8045
8048
8053
8074
8074
8075
8082
8082
8096
8099
8119
8126
8132
8152
8156
8157
8162
8163
8163
8182
8191
8201
8205
8210
8221
8231
8248
8257
8263
8265
8269
8281
8284
8288
8295
8316
8338
8339
8341
8342
8343
8374
8380
8391
8394
8395
8408
8425
8430
8433
8435
8435
8442
8442
8442
8449
8458
8459
8464
8467
8471
8488
8497
8507
8508
8512
8531
8531
8535
8539
8547
8550
8555
8561
8569
8573
8575
8583
8583
8590
8592
8600
8601
8609
8610
8613
8647
8655
8660
8669
8678
8684
8685
8689
8697
8698
8714
8724
8726
8726
8731
8754
8757
8771
8773
8805
8809
8810
8815
8828
8841
8851
8853
8862
8880
8881
8890
8894
8908
8911
8928
8931
8945
8959
8967
8972
8974
8987
9001
9005
9005
9019
9026
9030
9031
9031
9034
9038
9052
9056
9065
9077
9078
9079
9092
9094
9103
9109
9114
9135
9136
9147
9159
9160
9172
9195
9197
9204
9205
9216
9218
9225
9227
9236
9258
9264
9275
9278
9280
9281
9286
9292
9316
9322
9323
9336
9345
9356
9359
9371
9378
9384
9386
9388
9389
9406
9407
9426
9427
9431
9436
9446
9467
9476
9486
9508
9514
9529
9560
9568
9570
9572
9574
9576
9584
9594
9597
9636
9655
9669
9670
9674
9676
9688
9698
9700
9717
9717
9723
9731
9733
9742
9748
9751
9760
9760
9766
9777
9784
9799
9807
9808
9819
9826
9836
9838
9852
9880
9896
9897
9900
9902
9906
9908
9913
9917
9922
9926
9931
9966
9970
10032
10034
10045
10057
10063
10074
10084
10096
10109
10117
10120
10123
10125
10136
10178
10193
10200
10227
10235
10236
10246
10251
10266
10267
10269
10279
10289
10291
10298
10312
10323
10325
10330
10332
10333
10338
10341
10342
10345
10353
10361
10368
10377
10381
10394
10409
10431
10434
10436
10436
10445
10448
10449
10461
10463
10465
10485
10509
10515
10520
10522
10547
10549
10555
10570
10570
10574
10579
10599
10601
10609
10623
10623
10629
10631
10635
10644
10650
10658
10664
10679
10681
10688
10703
10707
10708
10711
10715
10724
10734
10737
10745
10746
10751
10758
10764
10766
10780
10801
10803
10807
10814
10814
10815
10823
10845
10850
10851
10861
10862
10867
10875
10890
10902
10907
10908
10909
10914
10915
10917
10931
10947
10952
10960
10961
10970
10975
10985
10989
10998
11026
11030
11033
11034
11045
11058
11065
11067
11072
11072
11078
11083
11109
11121
11125
11147
11166
11184
11185
11193
11195
11210
11211
11212
11217
11218
11249
11256
11256
11267
11286
11290
11294
11294
11306
11316
11317
11317
11330
11333
11334
11342
11357
11374
11375
11383
11385
11394
11399
11400
11403
11403
11411
11411
11428
11432
11433
11433
11451
11456
11459
11461
11471
11473
11476
11481
11491
11492
11500
11521
11526
11534
11540
11546
11546
11549
11551
11564
11580
11582
11599
11604
11605
11608
11609
11630
11637
11642
11649
11663
11669
11673
11678
11680
11681
11690
11696
11707
11708
11739
11741
11761
11761
11774
11787
11789
11790
11802
11802
11804
11815
11820
11820
11851
11876
11877
11889
11891
11896
11917
11935
11956
11959
11963
12002
12006
12008
12012
12018
12023
12035
12057
12067
12093
12109
12110
12110
12120
12125
12128
12129
12130
12132
12133
12136
12148
12156
12158
12159
12199
12200
12205
12214
12223
12228
12241
12243
12256
12263
12268
12292
12294
12295
12298
12305
12307
12310
12321
12325
12329
12329
12345
12347
12349
12358
12367
12378
12379
12387
12411
12417
12425
12448
12455
12460
12465
12476
12482
12485
12486
12490
12491
12495
12500
12502
12504
12516
12519
12525
12529
12533
12548
12558
12590
12593
12597
12597
12619
12619
12626
12629
12644
12647
12652
12653
12669
12673
12686
12705
12716
12717
12730
12739
12747
12763
12769
12780
12786
12795
12813
12816
12826
12827
12832
12835
12865
12885
12888
12913
12924
12930
12957
13004
13009
13019
13023
13025
13026
13043
13047
13053
13054
13070
13073
13074
13078
13103
13105
13123
13135
13139
13145
13161
13176
13178
13189
13205
13244
13247
13264
13269
13270
13293
13304
13316
13326
13326
13338
13338
13343
13344
13347
13384
13398
13399
13406
13415
13420
13425
13428
13457
13462
13463
13474
13477
13484
13492
13499
13521
13522
13537
13569
13577
13583
13585
13587
13592
13593
13593
13594
13613
13616
13616
13620
13626
13637
13644
13655
13655
13658
13668
13681
13690
13691
13702
13704
13705
13723
13734
13743
13746
13752
13768
13773
13774
13787
13795
13795
13809
13825
13827
13831
13832
13836
13839
13840
13844
13867
13894
13896
13905
13911
13912
13933
13946
13949
13953
13955
13958
13966
13985
13995
14024
14041
14048
14052
14060
14067
14068
14106
14114
14116
14118
14119
14149
14158
14170
14177
14178
14183
14188
14190
14212
14222
14225
14226
14226
14235
14254
14262
14263
14270
14288
14289
14299
14301
14301
14303
14304
14304
14311
14315
14322
14334
14337
14339
14360
14366
14370
14376
14379
14402
14413
14414
14414
14432
14433
14443
14444
14465
14487
14506
14521
14524
14533
14539
14546
14547
14549
14554
14560
14576
14580
14593
14599
14605
14612
14619
14621
14669
14671
14678
14688
14699
14700
14734
14734
14759
14760
14762
14785
14792
14795
14813
14813
14818
14825
14832
14841
14844
14846
14847
14854
14855
14855
14866
14878
14883
14891
14899
14909
14917
14920
14923
14928
14931
14931
14935
14961
14968
14994
14997
14999
15001
15003
15007
15010
15013
15021
15036
15041
15071
15103
15116
15117
15120
15132
15132
15164
15167
15170
15189
15190
15190
15191
15204
15205
15206
15206
15208
15215
15218
15220
15225
15227
15232
15255
15257
15260
15272
15279
15287
15291
15292
15321
15336
15341
15345
15346
15350
15356
15357
15361
15361
15371
15374
15375
15376
15377
15381
15403
15406
15413
15420
15422
15424
15442
15444
15463
15471
15476
15493
15495
15503
15526
15527
15531
15544
15550
15560
15564
15570
15573
15575
15583
15589
15590
15599
15625
15649
15650
15652
15653
15660
15662
15664
15665
15695
15702
15720
15734
15740
15755
15782
15797
15801
15814
15818
15839
15845
15845
15848
15874
15883
15888
15901
15905
15912
15924
15928
15954
15961
16001
16011
16013
16014
16018
16021
16021
16021
16038
16063
16069
16075
16088
16100
16108
16109
16116
16127
16132
16134
16141
16141
16151
16153
16160
16164
16173
16205
16217
16233
16241
16245
16272
16273
16280
16281
16284
16285
16290
16295
16303
16304
16305
16319
16323
16324
16352
16353
16363
16373
16380
16384
16385
16393
16393
16410
16439
16446
16451
16472
16492
16505
16505
16506
16518
16524
16532
16539
16555
16560
16562
16592
16594
16598
16605
16621
16623
16624
16630
16630
16640
16651
16657
16657
16661
16670
16672
16681
16683
16688
16702
16708
16710
16713
16726
16727
16769
16770
16773
16776
16785
16789
16803
16809
16815
16830
16837
16867
16871
16878
16887
16908
16908
16917
16927
16930
16934
16940
16952
16955
16967
16968
16980
16983
16985
16986
17002
17020
17030
17042
17044
17044
17058
17074
17080
17081
17082
17082
17083
17085
17091
17091
17106
17108
17112
17144
17147
17147
17148
17163
17166
17172
17175
17184
17189
17192
17207
17211
17215
17226
17229
17230
17252
17283
17294
17295
17296
17301
17311
17318
17332
17336
17346
17346
17349
17392
17407
17417
17420
17420
17425
17431
17460
17460
17511
17518
17518
17528
17534
17534
17534
17539
17545
17550
17565
17594
17595
17595
17597
17598
17603
17621
17632
17639
17644
17651
17671
17674
17679
17682
17712
17726
17731
17733
17741
17743
17750
17753
17782
17786
17788
17812
17816
17816
17817
17820
17846
17867
17879
17904
17916
17925
17928
17934
17936
17938
17949
17950
17951
17955
17978
17998
18007
18011
18027
18042
18079
18081
18108
18112
18114
18131
18140
18152
18163
18168
18171
18173
18177
18177
18187
18187
18190
18199
18217
18231
18233
18247
18250
18258
18265
18267
18268
18269
18271
18279
18285
18291
18305
18307
18312
18314
18334
18340
18346
18348
18349
18352
18368
18379
18380
18382
18391
18395
18443
18458
18459
18460
18465
18467
18469
18478
18491
18497
18499
18510
18513
18518
18522
18524
18550
18561
18561
18571
18571
18576
18578
18578
18595
18596
18596
18598
18624
18630
18634
18636
18639
18642
18665
18688
18691
18693
18697
18702
18708
18708
18712
18714
18723
18725
18727
18757
18783
18811
18816
18821
18824
18832
18834
18853
18856
18857
18860
18865
18872
18886
18887
18888
18904
18905
18908
18937
18949
18968
18971
18977
18995
19003
19008
19046
19049
19051
19063
19064
19066
19076
19080
19083
19094
19102
19102
19102
19107
19112
19126
19139
19141
19145
19147
19150
19188
19208
19219
19234
19239
19240
19244
19245
19261
19266
19270
19275
19282
19295
19304
19306
19309
19309
19341
19347
19352
19360
19361
19362
19364
19370
19389
19391
19405
19405
19410
19412
19422
19423
19441
19450
19464
19475
19477
19493
19496
19506
19513
19514
19521
19523
19529
19539
19544
19552
19554
19562
19571
19576
19578
19582
19583
19588
19593
19595
19603
19609
19616
19617
19623
19642
19648
19652
19658
19659
19659
19671
19681
19682
19690
19693
19698
19710
19714
19717
19722
19726
19727
19730
19739
19745
19766
19768
19771
19778
19800
19816
19822
19834
19840
19842
19858
19859
19868
19876
19883
19884
19888
19903
19904
19915
19939
19952
19961
19984
19989
20003
20017
20017
20024
20027
20043
20059
20061
20106
20118
20124
20133
20150
20154
20162
20193
20195
20197
20206
20207
20209
20213
20241
20244
20248
20261
20264
20269
20277
20280
20290
20320
20344
20345
20354
20355
20371
20375
20379
20383
20411
20413
20418
20420
20424
20429
20433
20435
20435
20446
20449
20450
20465
20477
20488
20494
20500
20503
20515
20523
20524
20528
20530
20534
20538
20541
20544
20557
20560
20585
20598
20605
20608
20642
20643
20649
20651
20657
20659
20661
20666
20667
20669
20670
20675
20676
20676
20678
20718
20720
20722
20742
20752
20755
20763
20767
20769
20802
20808
20809
20819
20823
20853
20878
20883
20885
20889
20893
20897
20899
20904
20905
20908
20913
20920
20922
20926
20927
20937
20962
20975
20977
20996
20999
21008
21013
21024
21028
21033
21034
21040
21040
21053
21062
21063
21074
21075
21084
21093
21096
21103
21110
21111
21125
21136
21137
21137
21139
21160
21163
21194
21198
21204
21210
21210
21220
21242
21257
21258
21258
21269
21291
21297
21307
21313
21315
21322
21327
21332
21333
21338
21344
21376
21380
21399
21403
21413
21413
21423
21438
21468
21477
21490
21512
21520
21522
21530
21537
21542
21543
21547
21551
21558
21568
21570
21573
21575
21586
21618
21619
21628
21630
21632
21639
21651
21654
21666
21672
21678
21682
21687
21702
21704
21705
21718
21731
21735
21738
21738
21739
21743
21744
21753
21756
21757
21766
21774
21780
21788
21791
21795
21812
21820
21823
21823
21828
21838
21846
21855
21858
21866
21878
21887
21893
21898
21900
21904
21907
21909
21922
21922
21927
21935
21939
21946
21955
21960
21965
21966
21966
21968
21971
21981
21982
21984
21996
22005
22011
22015
22016
22017
22036
22050
22052
22063
22079
22084
22085
22102
22105
22107
22109
22120
22133
22148
22149
22154
22174
22177
22211
22247
22249
22255
22264
22264
22265
22284
22295
22298
22300
22302
22327
22329
22331
22332
22334
22343
22346
22348
22350
22356
22365
22374
22376
22380
22392
22393
22396
22407
22409
22411
22411
22415
22420
22420
22422
22423
22424
22453
22455
22456
22471
22480
22480
22480
22492
22496
22498
22507
22511
22530
22537
22539
22544
22546
22547
22549
22554
22558
22562
22581
22582
22582
22582
22592
22604
22618
22635
22641
22643
22644
22659
22659
22673
22679
22693
22699
22701
22701
22703
22710
22716
22717
22723
22723
22724
22731
22736
22738
22743
22748
22754
22760
22763
22773
22775
22783
22791
22791
22823
22825
22836
22847
22850
22858
22860
22860
22860
22864
22874
22875
22882
22883
22891
22892
22895
22898
22904
22907
22916
22927
22940
22946
22947
22953
22965
22967
22967
22967
22968
22982
22990
22994
23003
23027
23033
23042
23049
23056
23058
23061
23094
23094
23097
23102
23109
23120
23121
23134
23149
23153
23160
23177
23182
23186
23188
23190
23195
23200
23211
23235
23246
23253
23256
23265
23271
23272
23276
23278
23282
23282
23313
23317
23319
23331
23336
23338
23340
23353
23355
23358
23361
23363
23365
23369
23373
23376
23380
23380
23383
23385
23395
23399
23426
23429
23435
23438
23446
23446
23464
23478
23478
23488
23502
23505
23509
23511
23524
23526
23527
23530
23534
23535
23556
23559
23567
23570
23571
23572
23581
23595
23603
23611
23611
23614
23625
23635
23641
23656
23656
23665
23667
23689
23707
23717
23718
23719
23721
23748
23751
23779
23780
23784
23786
23796
23799
23804
23811
23818
23820
23823
23824
23831
23836
23854
23877
23883
23912
23932
23982
23989
23991
23993
23995
23995
24003
24007
24029
24041
24049
24056
24056
24060
24064
24066
24067
24075
24098
24125
24136
24145
24175
24190
24199
24212
24221
24227
24234
24265
24267
24271
24287
24293
24297
24308
24310
24324
24325
24327
24338
24360
24364
24365
24376
24380
24385
24414
24437
24451
24458
24464
24468
24491
24513
24514
24522
24530
24545
24557
24558
24569
24574
24595
24599
24610
24634
24640
24644
24645
24666
24670
24673
24678
24684
24699
24706
24711
24712
24712
24723
24725
24730
24736
24742
24744
24774
24774
24775
24779
24783
24803
24807
24819
24820
24830
24837
24841
24848
24848
24853
24855
24869
24871
24882
24889
24889
24892
24899
24903
24935
24945
24946
24967
24968
24973
24975
24991
24995
24996
25000
25005
25008
25029
25035
25041
25043
25069
25072
25082
25083
25098
25101
25108
25134
25136
25138
25142
25143
25151
25162
25165
25173
25174
25177
25195
25214
25216
25222
25232
25234
25238
25244
25248
25250
25251
25253
25262
25262
25278
25291
25293
25298
25299
25307
25323
25329
25336
25345
25348
25353
25363
25380
25380
25393
25393
25395
25399
25401
25406
25410
25421
25423
25430
25434
25439
25455
25457
25465
25467
25470
25483
25499
25506
25508
25515
25521
25525
25528
25529
25531
25532
25546
25549
25550
25556
25557
25587
25588
25611
25612
25614
25622
25644
25653
25654
25662
25663
25666
25670
25681
25687
25697
25709
25716
25724
25727
25728
25739
25754
25778
25779
25780
25783
25787
25787
25814
25821
25828
25829
25834
25838
25841
25843
25847
25847
25853
25873
25876
25885
25887
25893
25906
25912
25916
25938
25944
25948
25956
25975
25981
25984
25990
26000
26003
26004
26034
26043
26043
26055
26056
26070
26079
26089
26091
26117
26130
26144
26160
26170
26174
26190
26193
26193
26202
26202
26210
26215
26225
26240
26247
26289
26291
26294
26295
26302
26303
26309
26349
26352
26372
26382
26389
26408
26422
26428
26479
26488
26495
26498
26512
26518
26559
26560
26582
26619
26622
26623
26640
26651
26653
26671
26672
26675
26679
26679
26683
26695
26697
26705
26705
26706
26706
26726
26731
26737
26738
26743
26743
26758
26793
26798
26804
26810
26810
26812
26824
26851
26873
26882
26884
26885
26885
26886
26892
26901
26903
26913
26918
26919
26932
26933
26933
26943
26965
26969
26973
26977
26984
26987
26993
27000
27004
27005
27035
27036
27039
27041
27046
27046
27047
27049
27055
27071
27084
27110
27119
27123
27125
27128
27129
27130
27144
27152
27182
27190
27191
27196
27200
27216
27217
27220
27224
27227
27241
27251
27252
27254
27274
27274
27277
27288
27300
27305
27306
27311
27315
27323
27327
27330
27336
27336
27341
27345
27355
27358
27360
27364
27371
27377
27379
27379
27391
27396
27417
27426
27428
27432
27434
27442
27447
27447
27458
27471
27478
27485
27495
27520
27524
27526
27535
27555
27558
27584
27605
27623
27631
27644
27647
27652
27652
27678
27696
27721
27728
27740
27767
27777
27783
27788
27806
27807
27808
27815
27818
27823
27840
27841
27846
27847
27864
27869
27875
27876
27880
27888
27891
27891
27899
27905
27927
27930
27938
27945
27947
27948
27954
27956
27968
27970
27977
27982
27988
27992
27996
28006
28015
28017
28019
28026
28038
28057
28061
28066
28072
28084
28087
28090
28103
28111
28118
28122
28123
28126
28140
28147
28150
28160
28192
28193
28193
28231
28238
28243
28243
28249
28261
28262
28269
28269
28279
28281
28282
28288
28298
28307
28315
28316
28329
28332
28337
28360
28371
28383
28388
28390
28396
28400
28404
28406
28408
28421
28437
28458
28489
28506
28526
28546
28562
28564
28572
28583
28588
28614
28615
28619
28619
28638
28645
28647
28663
28684
28685
28687
28698
28706
28708
28710
28712
28727
28739
28756
28758
28759
28760
28765
28773
28779
28805
28805
28815
28821
28824
28827
28831
28849
28850
28856
28878
28894
28913
28917
28918
28920
28923
28926
28928
28933
28950
28953
28976
28985
28991
28997
29001
29002
29004
29004
29006
29022
29026
29029
29035
29042
29050
29070
29113
29136
29138
29144
29147
29161
29162
29172
29190
29213
29213
29218
29223
29229
29234
29238
29248
29260
29263
29266
29266
29268
29269
29269
29283
29289
29304
29305
29324
29329
29334
29339
29342
29352
29353
29362
29379
29396
29404
29420
29423
29427
29436
29444
29444
29455
29468
29470
29478
29478
29488
29495
29505
29508
29513
29514
29516
29524
29531
29537
29555
29575
29591
29605
29609
29618
29620
29625
29638
29642
29647
29648
29658
29658
29658
29663
29664
29665
29669
29672
29674
29675
29682
29683
29688
29689
29698
29702
29705
29711
29719
29735
29742
29753
29755
29761
29771
29773
29788
29795
29796
29797
29829
29837
29875
29887
29895
29898
29900
29902
29903
29903
29916
29925
29932
29938
29943
29944
29949
29949
29949
29953
29955
29965
29970
29978
29994
29998
30009
30035
30038
30085
30095
30102
30110
30118
30128
30134
30151
30152
30163
30175
30190
30195
30203
30208
30222
30223
30228
30235
30238
30239
30249
30249
30254
30264
30269
30269
30275
30276
30279
30286
30293
30304
30306
30307
30309
30325
30346
30356
30361
30362
30368
30371
30387
30396
30399
30406
30409
30414
30429
30440
30441
30450
30451
30471
30475
30499
30501
30505
30512
30524
30526
30534
30559
30567
30569
30594
30596
30604
30606
30610
30610
30623
30646
30654
30656
30658
30661
30665
30667
30688
30691
30692
30711
30721
30729
30729
30730
30734
30735
30747
30753
30754
30763
30773
30775
30786
30793
30798
30806
30807
30808
30813
30816
30817
30825
30825
30842
30842
30859
30872
30873
30875
30876
30889
30890
30902
30905
30909
30909
30910
30928
30937
30954
30956
30957
30962
30964
30968
30969
30990
30997
31002
31009
31015
31026
31028
31032
31052
31063
31063
31074
31080
31088
31105
31107
31113
31129
31129
31147
31149
31150
31152
31154
31168
31175
31176
31195
31199
31215
31221
31229
31234
31257
31259
31260
31264
31268
31271
31271
31273
31278
31281
31290
31290
31296
31304
31338
31344
31351
31358
31358
31371
31394
31401
31402
31410
31413
31421
31422
31441
31447
31460
31468
31476
31485
31489
31491
31493
31504
31504
31516
31522
31523
31524
31553
31563
31568
31573
31576
31583
31591
31615
31625
31626
31627
31634
31634
31635
31641
31656
31686
31697
31697
31702
31711
31713
31713
31715
31723
31730
31735
31743
31751
31752
31760
31763
31782
31792
31794
31798
31800
31814
31825
31856
31859
31862
31864
31875
31875
31879
31882
31887
31889
31898
31917
31929
31934
31938
31952
31956
31960
31962
31963
31972
31980
32002
32004
32006
32011
32016
32047
32048
32048
32082
32083
32093
32097
32110
32118
32123
32126
32140
32148
32148
32150
32162
32181
32182
32185
32188
32213
32221
32228
32236
32250
32258
32265
32268
32283
32284
32289
32311
32334
32339
32350
32353
32378
32398
32402
32403
32418
32425
32426
32428
32442
32446
32447
32463
32496
32503
32503
32504
32525
32531
32546
32546
32562
32566
32587
32594
32599
32601
32602
32607
32613
32616
32617
32622
32624
32643
32651
32658
32660
32662
32672
32675
32702
32710
32718
32723
32725
32734
32739
32758
32760
32780
32806
32811
32818
32827
32841
32846
32850
32867
32869
32869
32870
32875
32879
32886
32891
32911
32916
32927
32930
32932
32933
32960
32967
32969
32974
32979
32991
32998
33025
33028
33037
33040
33048
33056
33059
33061
33064
33074
33083
33097
33102
33112
33115
33116
33122
33169
33173
33175
33181
33181
33190
33195
33198
33202
33212
33213
33216
33218
33221
33223
33227
33230
33231
33231
33233
33238
33253
33265
33266
33278
33284
33284
33318
33323
33330
33345
33345
33362
33380
33380
33391
33398
33400
33407
33413
33420
33423
33427
33435
33435
33444
33453
33461
33462
33466
33471
33486
33492
33500
33512
33529
33554
33557
33564
33579
33587
33589
33596
33600
33601
33618
33630
33647
33650
33667
33683
33689
33706
33707
33731
33738
33743
33761
33764
33769
33776
33780
33782
33786
33788
33797
33800
33806
33807
33814
33818
33829
33833
33837
33874
33876
33879
33886
33895
33903
33907
33914
33952
33961
34001
34038
34049
34050
34050
34059
34069
34071
34088
34104
34112
34115
34134
34148
34152
34155
34156
34163
34177
34195
34205
34211
34222
34226
34234
34247
34256
34258
34271
34271
34278
34284
34287
34292
34299
34300
34305
34317
34319
34322
34336
34338
34364
34375
34399
34411
34436
34462
34475
34479
34485
34486
34491
34496
34506
34517
34520
34525
34534
34540
34542
34545
34547
34548
34566
34591
34596
34597
34617
34625
34626
34631
34649
34653
34654
34658
34665
34665
34666
34670
34679
34688
34694
34698
34699
34706
34708
34719
34732
34738
34744
34750
34751
34752
34758
34763
34770
34785
34789
34803
34805
34810
34812
34827
34827
34833
34842
34853
34861
34885
34890
34890
34894
34897
34909
34918
34948
34949
34960
34967
34973
34989
34992
34995
34996
34997
35004
35017
35022
35029
35043
35048
35053
35096
35100
35106
35119
35128
35130
35137
35158
35162
35183
35191
35191
35202
35202
35211
35214
35218
35227
35233
35236
35238
35239
35247
35251
35268
35268
35274
35282
35289
35299
35331
35354
35355
35358
35365
35372
35386
35397
35401
35401
35402
35419
35421
35422
35439
35439
35444
35444
35449
35451
35454
35458
35461
35461
35465
35476
35483
35494
35494
35498
35500
35501
35504
35531
35547
35559
35567
35568
35576
35580
35586
35603
35638
35642
35643
35652
35659
35660
35660
35671
35684
35699
35702
35728
35733
35736
35737
35738
35739
35739
35747
35749
35755
35756
35758
35767
35770
35776
35779
35779
35781
35789
35793
35793
35796
35826
35827
35832
35842
35848
35859
35861
35861
35863
35863
35864
35865
35868
35878
35885
35888
35895
35896
35898
35900
35902
35902
35907
35921
35931
35936
35939
35940
35952
35953
35954
35957
35963
35965
35965
35966
35972
35973
35977
35991
35995
36011
36016
36028
36030
36030
36031
36035
36045
36070
36071
36072
36081
36082
36095
36104
36106
36110
36135
36136
36142
36171
36173
36199
36214
36215
36218
36222
36231
36233
36239
36243
36245
36247
36256
36259
36265
36268
36283
36289
36293
36314
36318
36326
36327
36332
36333
36340
36343
36348
36362
36389
36390
36429
36430
36445
36463
36465
36468
36480
36487
36491
36496
36507
36516
36519
36520
36527
36548
36571
36571
36579
36590
36599
36603
36607
36609
36617
36619
36623
36634
36639
36647
36648
36653
36654
36661
36669
36686
36689
36691
36700
36705
36710
36711
36716
36726
36729
36754
36763
36771
36785
36790
36792
36803
36805
36806
36810
36829
36835
36839
36850
36869
36873
36883
36890
36902
36916
36923
36927
36933
36968
36976
36977
36978
36983
37002
37012
37014
37022
37047
37049
37050
37058
37060
37065
37072
37082
37084
37093
37103
37108
37118
37127
37129
37146
37150
37155
37161
37174
37175
37180
37184
37197
37206
37211
37213
37215
37230
37233
37236
37237
37257
37257
37259
37263
37264
37271
37276
37278
37279
37280
37318
37345
37350
37363
37378
37379
37391
37397
37404
37404
37406
37414
37417
37426
37445
37479
37485
37487
37497
37498
37505
37527
37527
37538
37546
37546
37547
37548
37549
37552
37561
37562
37564
37569
37579
37584
37585
37590
37594
37595
37606
37607
37621
37627
37628
37630
37634
37641
37642
37644
37650
37653
37653
37655
37664
37674
37682
37685
37709
37719
37720
37728
37734
37750
37770
37784
37790
37791
37828
37837
37839
37845
37853
37866
37867
37877
37879
37890
37891
37891
37892
37909
37927
37929
37934
37938
37945
37953
37969
37978
37978
37982
37993
37995
38011
38015
38042
38052
38065
38082
38095
38101
38102
38104
38119
38120
38121
38122
38136
38138
38139
38147
38152
38169
38183
38192
38210
38219
38228
38231
38261
38267
38316
38327
38340
38348
38350
38353
38373
38376
38380
38389
38414
38414
38419
38428
38444
38454
38471
38472
38479
38483
38511
38520
38522
38538
38546
38576
38581
38588
38596
38608
38610
38614
38627
38642
38643
38643
38654
38657
38663
38685
38687
38698
38699
38763
38765
38767
38791
38792
38821
38829
38831
38832
38846
38851
38854
38854
38854
38858
38864
38870
38873
38883
38885
38887
38888
38899
38899
38909
38915
38929
38930
38930
38934
38942
38949
38953
38955
38964
38970
38972
38981
38987
38999
39008
39022
39036
39047
39057
39066
39080
39085
39087
39119
39123
39126
39133
39143
39144
39162
39172
39177
39177
39218
39224
39224
39238
39248
39251
39263
39292
39332
39333
39356
39358
39370
39381
39381
39384
39404
39444
39463
39468
39476
39478
39478
39483
39538
39554
39558
39562
39565
39579
39585
39620
39623
39631
39635
39636
39645
39661
39669
39669
39681
39689
39699
39700
39716
39718
39724
39725
39733
39735
39738
39753
39758
39758
39763
39771
39786
39790
39790
39797
39811
39817
39817
39828
39840
39846
39850
39859
39865
39868
39878
39895
39915
39938
39941
39946
39957
39958
39979
39982
39983
39998
40022
40029
40032
40038
40048
40054
40054
40068
40075
40080
40087
40093
40099
40127
40137
40144
40148
40152
40161
40163
40173
40181
40182
40183
40188
40193
40201
40213
40219
40235
40246
40253
40266
40269
40274
40287
40301
40309
40336
40348
40351
40351
40354
40358
40376
40384
40386
40387
40411
40411
40449
40453
40467
40484
40504
40510
40513
40527
40542
40544
40547
40549
40550
40554
40563
40585
40596
40596
40599
40602
40602
40604
40623
40625
40629
40630
40632
40635
40636
40649
40653
40653
40666
40666
40698
40711
40723
40738
40739
40741
40745
40749
40760
40766
40779
40788
40798
40809
40826
40831
40857
40871
40874
40885
40887
40893
40898
40909
40927
40931
40934
40935
40946
40955
40961
40961
40989
40999
41014
41016
41024
41035
41048
41053
41054
41059
41063
41086
41102
41106
41112
41120
41123
41125
41154
41175
41176
41188
41189
41189
41191
41196
41216
41237
41248
41253
41261
41264
41268
41271
41274
41275
41277
41291
41297
41312
41313
41320
41320
41324
41326
41379
41380
41381
41382
41398
41402
41413
41416
41417
41476
41498
41500
41507
41510
41512
41513
41515
41536
41540
41540
41546
41546
41549
41552
41566
41570
41572
41587
41592
41610
41613
41620
41621
41634
41644
41649
41652
41675
41677
41678
41692
41699
41707
41724
41746
41752
41753
41754
41771
41780
41780
41782
41803
41810
41812
41817
41840
41850
41853
41862
41863
41881
41882
41883
41896
41911
41925
41931
41937
41941
41946
41956
41974
41988
42001
42011
42012
42015
42033
42040
42049
42050
42057
42063
42064
42065
42070
42088
42104
42108
42117
42124
42137
42141
42144
42152
42157
42164
42165
42168
42170
42181
42193
42196
42200
42214
42216
42218
42235
42236
42241
42249
42250
42251
42270
42296
42322
42325
42331
42337
42341
42355
42358
42360
42364
42365
42375
42388
42389
42393
42413
42429
42434
42451
42460
42460
42465
42468
42496
42498
42499
42513
42522
42524
42525
42528
42532
42544
42544
42560
42567
42569
42576
42576
42585
42594
42598
42606
42606
42625
42627
42640
42644
42649
42663
42695
42703
42705
42716
42717
42733
42761
42767
42771
42781
42802
42803
42806
42807
42826
42828
42833
42844
42867
42867
42868
42871
42873
42883
42886
42891
42894
42896
42911
42912
42923
42926
42936
42937
42944
42959
42961
42967
42967
42968
42974
42978
42984
42993
42999
43010
43029
43030
43040
43042
43042
43052
43081
43084
43084
43085
43088
43109
43110
43114
43125
43127
43140
43141
43151
43159
43170
43183
43186
43190
43190
43196
43206
43208
43249
43256
43258
43261
43272
43274
43288
43290
43290
43296
43297
43304
43306
43309
43328
43336
43348
43371
43375
43392
43392
43393
43406
43406
43407
43413
43417
43429
43437
43439
43452
43461
43466
43483
43483
43488
43497
43502
43514
43514
43516
43531
43532
43533
43538
43548
43569
43571
43582
43584
43585
43587
43611
43620
43623
43624
43627
43631
43634
43644
43652
43652
43658
43666
43670
43672
43678
43729
43746
43747
43751
43753
43757
43764
43782
43787
43803
43829
43841
43848
43858
43865
43872
43873
43878
43898
43905
43927
43934
43946
43952
43958
43979
43983
43985
43994
44019
44024
44035
44040
44051
44056
44070
44075
44082
44083
44086
44099
44105
44126
44126
44128
44144
44159
44161
44161
44162
44163
44167
44196
44202
44210
44211
44213
44230
44237
44243
44248
44268
44276
44280
44287
44300
44319
44320
44325
44328
44331
44337
44347
44361
44369
44385
44388
44389
44398
44419
44421
44424
44424
44425
44430
44440
44446
44460
44462
44469
44482
44482
44484
44497
44508
44511
44531
44547
44548
44560
44567
44573
44580
44592
44598
44604
44619
44640
44644
44647
44651
44657
44660
44661
44669
44691
44692
44705
44706
44710
44716
44719
44728
44732
44744
44760
44767
44769
44777
44782
44790
44795
44798
44802
44805
44809
44816
44818
44839
44845
44846
44864
44869
44887
44888
44891
44909
44909
44914
44935
44940
44942
44955
44963
44968
44969
44971
44996
45002
45010
45010
45022
45035
45038
45048
45054
45086
45095
45107
45107
45114
45118
45127
45127
45135
45136
45140
45145
45157
45158
45159
45170
45173
45173
45174
45181
45189
45200
45233
45244
45247
45250
45256
45294
45295
45299
45317
45320
45321
45322
45325
45344
45344
45347
45362
45368
45376
45386
45407
45412
45419
45445
45448
45451
45455
45455
45457
45457
45459
45462
45467
45480
45483
45486
45489
45502
45505
45513
45514
45527
45527
45549
45550
45570
45573
45598
45628
45630
45634
45640
45642
45656
45664
45665
45682
45688
45691
45708
45718
45741
45742
45750
45759
45774
45784
45788
45790
45792
45795
45797
45809
45810
45818
45825
45826
45828
45829
45832
45833
45844
45853
45874
45879
45886
45886
45891
45891
45906
45915
45916
45922
45925
45927
45945
45950
45990
45995
45998
46043
46056
46066
46080
46085
46093
46123
46124
46133
46137
46143
46146
46148
46167
46178
46187
46193
46196
46199
46200
46204
46205
46208
46209
46223
46231
46232
46235
46243
46245
46247
46252
46252
46253
46256
46257
46263
46268
46335
46350
46354
46358
46367
46370
46372
46381
46385
46402
46402
46422
46427
46431
46435
46437
46442
46450
46450
46460
46461
46463
46469
46476
46482
46500
46504
46513
46527
46530
46531
46533
46535
46550
46555
46566
46578
46578
46579
46588
46589
46610
46612
46617
46623
46627
46633
46636
46636
46647
46648
46649
46669
46701
46702
46717
46718
46718
46730
46737
46744
46745
46751
46776
46778
46779
46781
46811
46831
46856
46865
46869
46881
46885
46900
46909
46923
46926
46927
46927
46929
46958
46958
46959
46961
46967
46975
46982
46991
47001
47003
47004
47007
47008
47013
47027
47030
47031
47032
47034
47036
47036
47055
47056
47069
47081
47082
47087
47087
47088
47093
47097
47098
47107
47120
47127
47134
47142
47146
47148
47150
47151
47152
47164
47167
47172
47173
47188
47195
47202
47204
47216
47223
47223
47227
47229
47240
47244
47265
47283
47288
47302
47305
47309
47344
47347
47365
47368
47378
47386
47402
47432
47447
47462
47465
47470
47482
47489
47499
47502
47504
47509
47530
47543
47562
47565
47582
47584
47586
47587
47603
47623
47628
47629
47636
47642
47642
47650
47654
47658
47671
47694
47721
47726
47729
47732
47741
47769
47772
47790
47792
47798
47798
47819
47835
47849
47853
47859
47862
47871
47875
47889
47898
47914
47928
47933
47943
47957
48007
48012
48019
48025
48040
48041
48041
48068
48076
48076
48077
48096
48096
48106
48127
48129
48133
48139
48157
48179
48181
48184
48197
48200
48203
48218
48236
48250
48251
48253
48253
48255
48293
48297
48298
48319
48320
48320
48322
48327
48329
48343
48355
48361
48373
48376
48377
48393
48398
48408
48419
48435
48451
48459
48464
48468
48478
48486
48500
48505
48511
48517
48519
48520
48529
48580
48592
48601
48603
48613
48619
48620
48631
48632
48641
48642
48662
48665
48670
48681
48682
48687
48691
48691
48692
48720
48725
48726
48730
48731
48732
48733
48733
48757
48763
48769
48772
48789
48789
48797
48798
48829
48830
48832
48837
48846
48856
48888
48898
48902
48909
48913
48922
48930
48934
48939
48950
48958
48967
48970
48974
48987
48987
48995
48999
49008
49010
49030
49032
49040
49051
49101
49103
49104
49110
49121
49122
49135
49141
49149
49151
49157
49167
49175
49178
49180
49181
49181
49185
49186
49189
49200
49202
49203
49212
49228
49245
49268
49279
49281
49283
49292
49318
49343
49350
49353
49375
49376
49377
49380
49389
49414
49424
49462
49463
49463
49497
49506
49511
49517
49521
49537
49551
49561
49581
49581
49586
49592
49597
49602
49605
49605
49625
49635
49647
49651
49653
49653
49663
49682
49682
49684
49686
49694
49713
49724
49737
49747
49748
49755
49755
49758
49760
49765
49779
49780
49783
49786
49796
49801
49804
49817
49822
49826
49827
49827
49828
49845
49854
49863
49868
49891
49898
49912
49920
49921
49948
49949
49964
49973
49979
49980
49983
49984
49994
50016
50024
50028
50031
50034
50046
50046
50062
50064
50069
50080
50109
50127
50137
50140
50169
50179
50188
50196
50223
50224
50236
50237
50241
50258
50266
50267
50269
50289
50297
50309
50316
50321
50332
50335
50350
50350
50382
50390
50394
50395
50396
50399
50401
50417
50427
50427
50444
50455
50471
50478
50479
50498
50538
50545
50546
50551
50563
50564
50576
50599
50601
50601
50605
50608
50610
50611
50617
50622
50637
50640
50642
50654
50666
50673
50684
50685
50690
50715
50716
50717
50719
50721
50726
50736
50754
50767
50771
50772
50781
50783
50797
50817
50822
50828
50849
50853
50862
50865
50875
50883
50885
50889
50891
50904
50908
50912
50920
50925
50941
50942
50945
50947
50949
50970
51004
51007
51020
51023
51023
51029
51030
51033
51042
51050
51052
51054
51059
51066
51069
51076
51081
51095
51097
51113
51115
51120
51132
51141
51142
51156
51159
51160
51163
51173
51187
51201
51204
51212
51215
51243
51246
51255
51263
51272
51276
51278
51288
51290
51296
51297
51300
51304
51305
51308
51329
51344
51364
51364
51365
51371
51378
51379
51380
51390
51402
51409
51429
51448
51450
51453
51454
51523
51532
51549
51553
51554
51559
51564
51564
51601
51614
51625
51626
51627
51641
51642
51670
51672
51676
51698
51701
51714
51729
51734
51736
51741
51745
51745
51753
51757
51759
51765
51770
51773
51776
51784
51788
51796
51798
51814
51820
51826
51854
51865
51866
51873
51874
51880
51889
51896
51897
51900
51908
51910
51919
51928
51930
51930
51934
51936
51971
51975
51976
51996
51998
52009
52014
52027
52048
52052
52073
52097
52098
52114
52116
52124
52125
52126
52129
52134
52135
52137
52145
52162
52174
52203
52203
52214
52221
52225
52226
52229
52247
52258
52262
52271
52271
52294
52296
52310
52331
52334
52336
52360
52380
52397
52402
52414
52428
52433
52433
52436
52437
52441
52451
52455
52469
52475
52485
52489
52499
52504
52510
52515
52517
52519
52520
52522
52537
52544
52564
52566
52571
52575
52579
52585
52591
52592
52624
52629
52633
52639
52644
52679
52687
52693
52715
52744
52747
52759
52780
52795
52814
52823
52826
52826
52838
52848
52863
52877
52903
52909
52923
52940
52944
52951
52953
52954
52980
52982
52986
52989
52993
52999
53028
53036
53070
53072
53072
53077
53098
53098
53101
53107
53110
53113
53119
53121
53128
53130
53151
53164
53171
53177
53179
53204
53212
53227
53254
53258
53265
53274
53275
53276
53279
53285
53288
53302
53323
53324
53331
53339
53353
53353
53364
53367
53369
53379
53382
53388
53406
53406
53421
53429
53448
53457
53461
53479
53487
53491
53499
53503
53509
53510
53548
53558
53561
53568
53585
53585
53613
53624
53634
53639
53650
53657
53680
53687
53696
53702
53703
53724
53733
53763
53766
53767
53774
53781
53782
53786
53788
53793
53797
53799
53815
53816
53822
53825
53837
53844
53848
53859
53867
53871
53888
53931
53936
53938
53943
53949
53954
53965
53971
53978
53984
54000
54006
54012
54015
54023
54026
54028
54047
54048
54089
54090
54099
54106
54106
54130
54161
54164
54174
54181
54193
54226
54227
54247
54278
54280
54283
54288
54299
54314
54318
54328
54349
54372
54373
54377
54380
54390
54398
54402
54406
54406
54409
54412
54418
54420
54420
54438
54456
54457
54467
54502
54509
54525
54527
54535
54543
54544
54550
54563
54565
54571
54589
54595
54605
54610
54611
54616
54629
54632
54681
54685
54694
54708
54710
54713
54721
54732
54741
54744
54775
54787
54798
54806
54822
54832
54854
54854
54858
54859
54866
54867
54869
54883
54886
54899
54900
54904
54908
54912
54915
54918
54934
54963
54978
54988
54999
55002
55033
55035
55035
55053
55059
55067
55073
55076
55099
55100
55109
55112
55112
55116
55122
55139
55139
55151
55153
55153
55155
55169
55170
55180
55180
55184
55186
55202
55208
55212
55217
55225
55230
55232
55234
55240
55257
55261
55263
55264
55276
55283
55287
55288
55308
55310
55332
55336
55346
55352
55355
55366
55369
55370
55375
55377
55386
55428
55439
55440
55448
55468
55472
55502
55510
55516
55525
55528
55532
55547
55548
55561
55566
55572
55581
55590
55620
55629
55630
55630
55634
55663
55671
55677
55682
55691
55692
55711
55720
55730
55742
55743
55747
55749
55761
55763
55769
55795
55796
55797
55803
55807
55817
55817
55818
55820
55827
55836
55837
55841
55854
55860
55866
55874
55888
55893
55921
55938
55965
55981
55989
56000
56015
56024
56024
56036
56043
56054
56086
56089
56094
56102
56107
56117
56135
56141
56146
56170
56187
56194
56197
56202
56211
56215
56216
56227
56240
56241
56246
56251
56260
56266
56277
56278
56284
56287
56299
56301
56312
56313
56320
56332
56336
56344
56385
56386
56415
56424
56427
56433
56451
56456
56460
56468
56469
56482
56506
56521
56523
56533
56533
56538
56558
56559
56566
56568
56575
56576
56576
56578
56579
56600
56616
56619
56643
56658
56682
56684
56695
56713
56715
56723
56724
56732
56732
56733
56742
56746
56748
56750
56776
56778
56780
56785
56793
56797
56797
56801
56810
56831
56846
56855
56873
56875
56885
56887
56892
56897
56903
56913
56925
56938
56949
56956
56957
56967
56970
56972
56974
56978
56981
56990
57009
57010
57012
57013
57016
57019
57022
57027
57038
57051
57061
57066
57074
57089
57097
57106
57114
57118
57129
57137
57139
57141
57142
57166
57180
57211
57214
57228
57231
57235
57235
57247
57249
57275
57282
57282
57283
57284
57314
57333
57337
57340
57348
57349
57350
57350
57355
57376
57382
57387
57410
57410
57424
57441
57451
57455
57456
57468
57469
57476
57479
57492
57496
57506
57522
57525
57530
57534
57537
57543
57551
57556
57560
57566
57579
57594
57594
57597
57601
57621
57623
57686
57692
57710
57717
57720
57745
57786
57788
57791
57801
57814
57819
57822
57833
57848
57849
57850
57854
57855
57856
57864
57875
57876
57878
57878
57879
57880
57888
57890
57896
57910
57914
57914
57921
57930
57932
57935
57943
57953
57953
57959
57964
57973
57987
57992
58007
58009
58011
58021
58023
58036
58037
58053
58056
58086
58097
58099
58126
58142
58159
58161
58165
58165
58178
58179
58183
58185
58199
58201
58206
58206
58209
58210
58217
58225
58227
58232
58233
58234
58245
58246
58253
58255
58273
58275
58296
58302
58333
58335
58344
58360
58374
58385
58395
58407
58433
58444
58449
58477
58480
58484
58486
58496
58501
58501
58507
58524
58525
58528
58539
58551
58552
58558
58571
58580
58589
58600
58616
58622
58624
58654
58676
58688
58689
58710
58714
58741
58747
58760
58780
58782
58783
58799
58803
58807
58807
58808
58808
58810
58821
58836
58856
58867
58869
58877
58881
58882
58902
58902
58937
58939
58940
58941
58942
58960
58966
58976
58985
58997
59006
59030
59035
59039
59039
59053
59066
59092
59093
59103
59104
59107
59109
59139
59147
59148
59151
59153
59157
59190
59200
59216
59234
59240
59241
59258
59264
59279
59280
59280
59291
59302
59305
59314
59319
59341
59352
59359
59379
59384
59387
59390
59403
59406
59415
59440
59457
59461
59464
59476
59477
59478
59479
59491
59491
59499
59509
59514
59533
59536
59544
59559
59559
59563
59578
59582
59588
59593
59597
59603
59611
59637
59643
59650
59657
59660
59663
59665
59691
59694
59703
59704
59705
59726
59727
59730
59733
59735
59749
59760
59765
59767
59772
59777
59780
59792
59795
59796
59808
59819
59821
59825
59846
59848
59861
59875
59879
59882
59897
59906
59912
59919
59923
59927
59947
59953
59958
59960
59976
59980
59982
59984
59992
60009
60010
60012
60012
60012
60015
60017
60019
60031
60032
60035
60038
60041
60046
60048
60059
60061
60067
60070
60092
60097
60100
60101
60112
60119
60123
60125
60134
60135
60157
60160
60173
60201
60207
60209
60228
60231
60231
60256
60266
60276
60287
60294
60298
60300
60303
60338
60353
60356
60359
60369
60371
60373
60375
60376
60392
60420
60425
60436
60437
60445
60459
60464
60465
60467
60482
60491
60493
60494
60495
60522
60524
60528
60531
60534
60542
60568
60570
60580
60594
60600
60622
60622
60652
60655
60660
60668
60681
60684
60691
60693
60699
60700
60701
60703
60707
60708
60709
60710
60730
60731
60734
60737
60741
60743
60756
60775
60780
60783
60793
60797
60818
60826
60851
60857
60861
60868
60871
60874
60875
60878
60881
60885
60885
60895
60899
60899
60904
60908
60912
60925
60940
60956
60973
60979
60986
60997
61000
61023
61026
61035
61040
61044
61046
61052
61053
61079
61080
61086
61110
61117
61133
61137
61145
61165
61170
61176
61176
61178
61184
61192
61193
61205
61207
61214
61214
61215
61242
61245
61252
61257
61274
61279
61286
61289
61306
61317
61326
61332
61339
61347
61366
61368
61376
61379
61380
61384
61403
61403
61410
61411
61446
61462
61480
61486
61499
61508
61509
61511
61522
61535
61547
61556
61557
61563
61564
61575
61583
61585
61591
61594
61595
61603
61606
61613
61622
61626
61627
61636
61639
61653
61676
61677
61688
61693
61706
61717
61725
61733
61736
61736
61741
61752
61754
61764
61773
61788
61789
61801
61811
61812
61826
61833
61836
61837
61859
61862
61863
61866
61868
61884
61887
61903
61924
61928
61930
61940
61941
61944
61954
61961
61975
61978
61988
61994
62007
62010
62017
62020
62021
62027
62033
62040
62057
62083
62092
62095
62122
62124
62134
62144
62153
62160
62165
62166
62168
62185
62191
62193
62198
62203
62218
62236
62250
62255
62261
62264
62266
62266
62285
62299
62302
62311
62311
62323
62324
62327
62331
62335
62345
62346
62375
62382
62387
62396
62412
62417
62426
62428
62437
62449
62451
62459
62465
62468
62476
62478
62511
62515
62517
62531
62539
62542
62563
62578
62579
62580
62583
62584
62593
62595
62596
62609
62613
62626
62655
62661
62664
62674
62679
62680
62684
62686
62689
62691
62696
62698
62725
62728
62728
62741
62742
62746
62746
62771
62784
62785
62789
62808
62818
62825
62834
62840
62842
62847
62847
62857
62858
62883
62897
62900
62909
62911
62922
62952
62962
62973
62991
62993
62994
63004
63008
63012
63031
63042
63051
63075
63096
63100
63101
63105
63113
63119
63129
63129
63133
63134
63164
63205
63221
63222
63230
63235
63254
63262
63279
63307
63312
63319
63329
63331
63332
63337
63360
63369
63387
63400
63410
63439
63447
63449
63456
63531
63552
63556
63574
63575
63576
63588
63590
63598
63598
63617
63621
63625
63656
63657
63658
63662
63674
63676
63696
63701
63701
63704
63712
63725
63761
63784
63786
63800
63807
63808
63811
63813
63818
63829
63839
63856
63860
63887
63903
63919
63922
63925
63927
63932
63950
63962
63964
63969
63971
63991
64006
64012
64018
64071
64077
64085
64091
64107
64120
64130
64140
64204
64225
64247
64255
64261
64263
64273
64303
64351
64361
64373
64382
64389
64408
64414
64420
64432
64435
64437
64448
64455
64456
64456
64470
64477
64480
64483
64485
64492
64495
64500
64506
64508
64508
64509
64526
64527
64528
64536
64539
64539
64541
64571
64581
64591
64595
64597
64597
64611
64624
64650
64652
64656
64671
64676
64676
64679
64680
64683
64704
64723
64730
64731
64757
64759
64762
64774
64777
64818
64823
64831
64842
64854
64877
64889
64890
64913
64914
64920
64926
64930
64948
64957
64966
64966
64970
64974
64984
64995
64998
65006
65009
65027
65028
65030
65040
65040
65047
65065
65069
65090
65098
65105
65111
65116
65134
65136
65142
65151
65156
65157
65157
65162
65165
65167
65178
65179
65194
65201
65217
65225
65230
65234
65235
65237
65238
65248
65278
65280
65286
65286
65286
65315
65332
65332
65333
65351
65353
65365
65367
65380
65399
65405
65436
65454
65464
65470
65471
65473
65489
65491
65508
65516
65532
65534
