165
545
556
712
1005
1098
1105
1117
1171
1393
1423
1648
1805
1901
1982
2183
2257
2424
2594
2752
2909
2913
3320
3566
3630
3763
3828
4119
4130
4157
4304
4582
4651
4965
4972
5011
5188
5242
5284
5311
5408
5485
5595
5758
6345
6457
6605
6985
7007
7092
7172
7440
7553
7642
7818
7991
8005
8101
8268
8363
8444
8931
9057
9111
9383
9574
9733
10150
10411
10465
10575
10595
10736
10741
10762
10789
10958
11007
11166
11413
11568
11590
11840
11877
11942
12409
12469
12503
12669
12731
12992
13276
13418
13452
13452
13516
13595
13645
13889
13919
14101
14105
14273
14424
14458
14611
14714
14722
14858
14881
15192
15204
15404
15470
15659
15662
15888
16388
16479
16487
16524
16552
16565
16782
16840
16871
17002
17082
17086
17114
17128
17272
17472
17859
18110
18228
18572
18779
18984
19296
19501
19514
19525
19535
19553
19673
19882
19934
19983
20106
20159
20366
20517
20549
20768
20817
20878
21004
21109
21508
21701
21754
21998
22075
22218
22314
22378
22379
22660
22906
22952
22957
22977
23408
23630
23690
24063
24407
24450
24619
24820
25061
25062
25255
25289
25685
25944
25953
25983
26031
26044
26088
26310
26372
26428
26660
26706
27112
27113
27124
27216
27221
27316
27417
27691
27763
27825
27883
28040
28066
28183
28293
28296
28351
28492
28800
28896
29028
29102
29214
29489
29492
29511
29551
29600
29618
29648
29713
29762
29871
29936
30143
30156
30217
30322
30501
31217
31228
31230
31232
31262
31274
31356
31461
31465
31632
31695
31851
31885
32119
32171
32172
32278
32343
32519
32704
32803
32831
33087
33229
33232
33411
33450
33625
33792
34054
34284
34343
34368
34433
34863
35232
35355
35464
35889
35954
36057
36136
36178
36236
36251
36255
37103
37115
37243
37315
37383
37487
37582
37752
37921
37941
38260
38263
38545
38588
38752
39277
39432
39458
39463
39801
39957
39980
40055
40131
40611
40646
40692
40811
40874
41111
41417
41488
41570
41758
41937
41978
41978
42050
42228
42274
42496
42552
42560
42682
42725
43125
43168
43170
43250
43436
43574
43596
43827
44006
44018
44070
44136
44172
44400
44596
44645
44668
44729
44929
44966
45219
45230
45393
45415
45449
45517
45543
45641
45844
45858
45995
46002
46043
46165
46207
46311
46425
46427
46565
46872
47016
47080
47085
47356
47363
47399
47432
47449
47583
47633
47693
47774
47778
47993
48049
48049
48426
48473
48611
48663
48785
48793
48852
49063
49076
49690
49781
49794
49850
49887
50014
50062
50151
50325
50498
50582
50755
50902
50987
50989
51154
51372
51411
51478
51534
51690
51719
51726
51814
52245
52430
52809
53312
53410
53524
53593
53700
53740
53874
53883
54212
54292
54356
54550
54651
54718
54771
55042
55111
55141
55306
55571
55857
55895
55969
56133
56150
56230
56278
56334
56433
56442
56882
56918
56999
57038
57439
57494
57703
57828
57914
58357
58369
58468
58530
58550
58783
58906
59117
59239
59260
59343
59422
59450
59700
59721
59727
59933
59940
60078
60547
60561
60582
60682
60780
61108
61386
61407
61462
61481
61573
61618
62005
62105
62202
62323
62363
62802
62912
63311
63520
63653
63798
63873
63894
63965
64150
64365
64466
64565
64594
64596
64691
65211
65393
